apple 0.9989 45 443 346 698
banana 0.9895 97 329 644 496
banana 0.0048 106 365 485 483
mango 0.9887 2 555 102 756
mango 0.0016 -18 540 127 854
kiwi 0.9723 162 561 554 799
kiwi 0.7534 274 445 666 757
kiwi 0.0547 56 493 461 761
kiwi 0.0040 158 396 611 643
kiwi 0.0018 307 444 565 575
kiwi 0.0016 113 534 609 921
kiwi 0.0011 230 638 611 790
orange 0.8198 301 473 393 581
orange 0.2981 289 451 467 578
orange 0.0356 316 500 374 585
orange 0.0015 213 410 455 540
pear 0.9674 329 413 646 695
pear 0.0012 347 404 604 537
