apple 0.9959 82 567 358 794
apple 0.0421 0 326 111 578
banana 0.9385 45 345 444 656
banana 0.0806 223 338 450 624
banana 0.0606 60 495 323 626
banana 0.0060 29 548 124 608
banana 0.0054 20 91 446 644
banana 0.0022 5 517 113 595
banana 0.0019 177 367 417 547
banana 0.0014 50 452 224 619
banana 0.0013 53 558 100 601
mango 0.9977 43 753 357 968
kiwi 0.9927 332 561 555 771
kiwi 0.4234 -3 180 344 503
kiwi 0.2584 -29 64 373 649
kiwi 0.0890 -5 262 151 574
kiwi 0.0039 53 572 162 626
kiwi 0.0023 418 522 558 737
kiwi 0.0019 -326 -10 655 683
kiwi 0.0011 82 582 134 622
kiwi 0.0010 92 583 147 660
orange 0.5565 100 505 202 590
orange 0.0497 90 583 149 621
orange 0.0314 60 493 218 615
orange 0.0097 114 510 214 561
orange 0.0019 81 537 180 623
pear 0.8015 243 376 451 650
