apple 0.9979 157 507 425 752
apple 0.0025 1 0 101 11
apple 0.0025 -7 0 62 15
apple 0.0021 -7 0 116 22
banana 0.7967 210 246 498 593
banana 0.2824 89 423 348 576
banana 0.1035 110 381 425 646
banana 0.0278 80 142 482 613
banana 0.0072 275 267 478 488
banana 0.0056 34 302 380 611
banana 0.0025 262 193 608 698
mango 0.9966 184 702 459 923
kiwi 0.9934 384 438 600 696
kiwi 0.0211 72 0 231 57
kiwi 0.0092 71 0 234 26
kiwi 0.0053 89 536 261 600
kiwi 0.0027 532 0 749 19
kiwi 0.0025 468 420 600 642
kiwi 0.0022 373 409 484 615
kiwi 0.0022 344 367 521 668
kiwi 0.0020 290 258 579 646
kiwi 0.0014 102 0 200 11
kiwi 0.0012 414 408 555 648
kiwi 0.0011 -3 -13 159 169
kiwi 0.0011 17 -1 251 137
orange 0.9898 118 420 274 554
orange 0.1101 2 -15 107 195
orange 0.0016 93 493 298 608
pear 0.9291 266 269 483 558
pear 0.0831 378 361 486 575
pear 0.0031 -1 0 151 20
pear 0.0022 275 303 413 520
pear 0.0011 441 351 486 506
