apple 0.9948 417 572 723 844
apple 0.0037 414 581 649 736
apple 0.0012 632 561 715 762
banana 0.9875 155 439 717 657
banana 0.0277 91 571 540 1008
banana 0.0056 268 792 724 1054
banana 0.0023 528 537 718 697
banana 0.0010 162 477 416 630
kiwi 0.1729 244 595 406 667
kiwi 0.0658 264 565 596 686
kiwi 0.0042 85 590 215 674
kiwi 0.0039 483 596 702 646
kiwi 0.0032 511 570 717 633
kiwi 0.0025 312 583 474 670
kiwi 0.0025 158 555 415 683
kiwi 0.0017 198 579 471 726
orange 0.9984 427 782 714 1065
orange 0.0652 0 69 42 150
pear 0.9966 112 574 463 953
pear 0.0079 138 499 572 730
pear 0.0026 669 579 719 725
pear 0.0016 663 548 716 659
