apple 0.9877 397 477 697 740
apple 0.0016 408 488 666 641
banana 0.9863 156 347 702 566
banana 0.0746 546 455 708 603
banana 0.0276 194 409 725 647
banana 0.0256 624 453 711 608
banana 0.0246 659 499 710 602
banana 0.0040 186 400 686 517
banana 0.0020 168 370 417 536
mango 0.0734 640 493 699 604
mango 0.0132 625 476 710 634
mango 0.0039 665 517 709 623
kiwi 0.0168 279 467 577 583
kiwi 0.0019 247 479 510 626
kiwi 0.0018 243 508 410 585
kiwi 0.0010 558 498 689 600
orange 0.9967 449 671 719 931
pear 0.9970 105 480 465 873
