apple 0.5755 47 453 263 662
apple 0.0083 147 489 250 617
apple 0.0026 126 448 318 603
banana 0.9098 24 433 298 685
banana 0.0270 0 441 155 617
banana 0.0101 196 554 420 734
banana 0.0090 162 442 286 509
banana 0.0021 93 453 210 556
banana 0.0019 70 486 399 752
banana 0.0017 135 412 313 518
banana 0.0016 -18 1149 719 1279
banana 0.0016 25 313 440 748
mango 0.9323 -2 451 79 637
mango 0.0969 17 441 125 620
kiwi 0.9936 -5 600 102 818
kiwi 0.0087 -8 593 158 752
kiwi 0.0086 204 546 411 717
kiwi 0.0067 15 600 135 694
kiwi 0.0040 127 437 259 634
kiwi 0.0028 78 441 208 627
kiwi 0.0021 19 449 128 651
kiwi 0.0012 -7 698 90 912
kiwi 0.0011 48 572 156 674
orange 0.9993 256 563 417 723
pear 0.9963 56 610 315 860
pear 0.4576 2 475 60 631
pear 0.3741 67 451 271 661
