apple 0.9988 144 633 450 895
apple 0.0042 0 138 46 289
apple 0.0013 93 590 361 717
banana 0.9489 156 363 566 737
banana 0.3036 92 473 468 733
banana 0.0103 289 405 514 720
banana 0.0051 -24 0 300 64
banana 0.0044 0 2 269 134
banana 0.0041 0 56 44 218
banana 0.0022 153 0 292 24
banana 0.0018 -35 0 184 29
banana 0.0013 87 592 492 726
banana 0.0011 179 0 271 12
mango 0.9960 106 868 445 1107
mango 0.0027 -21 -1 134 37
kiwi 0.9972 397 629 668 890
kiwi 0.0052 270 55 373 120
kiwi 0.0031 115 605 274 688
kiwi 0.0019 -4 -9 326 284
kiwi 0.0017 461 651 620 871
orange 0.9951 138 492 321 634
orange 0.0057 -16 0 125 65
pear 0.9452 321 395 573 713
