apple 0.9836 237 673 499 1035
apple 0.5930 205 615 541 1183
banana 0.3028 278 526 590 758
banana 0.1432 489 656 541 733
banana 0.0730 471 636 534 728
banana 0.0612 375 570 554 724
banana 0.0342 516 1248 719 1279
banana 0.0161 497 669 531 726
banana 0.0082 522 1218 719 1282
banana 0.0016 484 646 516 719
banana 0.0015 398 639 555 775
banana 0.0012 254 382 628 890
banana 0.0011 459 612 565 704
mango 0.9984 39 931 376 1210
mango 0.0015 493 -5 735 119
kiwi 0.5117 244 614 677 1239
kiwi 0.4984 258 629 425 708
kiwi 0.1391 259 608 497 727
kiwi 0.0197 233 595 521 855
kiwi 0.0171 239 625 447 781
kiwi 0.0102 286 1214 688 1284
kiwi 0.0037 212 1125 691 1280
kiwi 0.0029 302 629 545 772
kiwi 0.0011 197 606 403 724
kiwi 0.0010 267 549 521 698
orange 0.9867 358 540 545 688
orange 0.4625 376 541 555 610
orange 0.0040 369 545 492 652
pear 0.9465 608 629 716 770
pear 0.0055 423 1210 733 1282
pear 0.0027 666 644 720 766
