apple 0.9996 180 829 462 1154
banana 0.9249 357 547 692 808
banana 0.0074 365 567 625 731
banana 0.0047 459 621 688 806
banana 0.0031 -4 1 108 59
banana 0.0011 411 1258 678 1280
mango 0.9935 264 1068 539 1280
kiwi 0.9545 350 700 545 897
kiwi 0.6360 335 666 615 953
kiwi 0.4039 333 574 648 871
kiwi 0.1560 422 672 617 842
kiwi 0.0942 481 678 595 783
kiwi 0.0274 375 643 597 801
kiwi 0.0185 343 756 526 956
kiwi 0.0014 504 688 573 773
kiwi 0.0013 -7 0 154 22
orange 0.9988 39 781 242 978
pear 0.9988 140 457 403 712
pear 0.0082 -4 0 59 19
pear 0.0059 -8 0 112 27
pear 0.0039 7 0 95 13
pear 0.0017 206 478 361 689
