apple 0.9997 119 121 255 257
apple 0.9996 236 142 367 271
apple 0.9995 78 33 208 147
apple 0.9993 188 20 315 133
apple 0.9992 -4 101 120 229
apple 0.9988 347 129 482 244
apple 0.9972 237 64 398 186
apple 0.9966 296 30 416 146
apple 0.0863 464 121 479 291
apple 0.0232 0 105 12 312
apple 0.0111 473 150 480 272
apple 0.0060 449 123 480 290
apple 0.0038 0 55 13 214
apple 0.0034 461 87 479 220
apple 0.0025 0 85 5 190
apple 0.0018 238 47 326 145
apple 0.0017 0 119 4 230
apple 0.0016 0 114 30 298
apple 0.0013 474 105 480 225
apple 0.0011 438 124 480 221
