apple 0.9996 230 186 365 309
apple 0.9993 -4 0 114 119
apple 0.9991 185 53 322 176
apple 0.9990 266 100 410 214
apple 0.9988 23 163 135 273
apple 0.9988 102 191 250 324
apple 0.9983 191 29 327 130
apple 0.9976 166 131 279 237
apple 0.9974 49 60 201 170
apple 0.9015 30 80 182 224
apple 0.7993 0 56 18 176
apple 0.0220 195 28 296 92
apple 0.0077 187 47 278 145
apple 0.0046 0 70 12 149
apple 0.0046 0 14 14 144
apple 0.0039 2 4 95 76
apple 0.0021 -2 59 30 209
apple 0.0017 0 11 6 98
apple 0.0015 241 58 322 132
apple 0.0014 0 -2 20 88
