apple 0.9995 230 186 365 307
apple 0.9991 268 100 411 213
apple 0.9990 184 52 323 176
apple 0.9987 102 181 254 321
apple 0.9985 168 130 278 237
apple 0.9984 191 28 328 131
apple 0.9982 40 90 195 219
apple 0.9862 78 55 199 152
apple 0.9366 10 149 131 272
apple 0.7589 2 6 115 103
apple 0.0119 0 115 20 264
apple 0.0084 195 28 297 93
apple 0.0073 186 44 278 147
apple 0.0039 21 35 162 143
apple 0.0021 0 -4 6 76
apple 0.0018 -8 -23 127 146
apple 0.0015 0 -5 10 200
apple 0.0010 0 147 12 342
apple 0.0010 96 105 185 225
