apple 0.9996 58 62 178 177
apple 0.9995 233 189 373 310
apple 0.9994 371 114 482 235
apple 0.9993 0 148 139 277
apple 0.9991 242 101 401 212
apple 0.9986 130 58 287 193
apple 0.9985 110 157 263 296
apple 0.9963 240 5 410 145
apple 0.9930 184 10 290 115
apple 0.9801 357 35 441 145
apple 0.0633 457 -2 478 160
apple 0.0123 171 1 305 173
apple 0.0092 461 94 479 210
apple 0.0081 320 1 454 160
apple 0.0078 467 116 479 296
apple 0.0039 433 3 481 150
apple 0.0027 474 43 480 159
apple 0.0027 474 160 480 280
apple 0.0025 474 97 480 214
apple 0.0022 463 38 479 184
apple 0.0015 313 13 408 138
