apple 0.9841 257 206 474 456
banana 0.9926 -12 433 365 769
banana 0.0032 219 160 449 403
banana 0.0016 136 285 264 365
banana 0.0014 323 297 646 536
banana 0.0010 163 461 645 757
mango 0.9643 186 179 359 357
mango 0.0046 174 254 272 358
mango 0.0043 216 179 340 280
kiwi 0.9970 87 292 284 509
kiwi 0.0384 216 187 447 356
kiwi 0.0037 132 182 436 474
kiwi 0.0030 253 210 587 506
kiwi 0.0027 309 223 442 305
kiwi 0.0027 179 193 363 402
kiwi 0.0021 104 179 202 361
kiwi 0.0014 106 292 250 366
kiwi 0.0013 106 285 334 625
orange 0.9994 432 326 618 492
pear 0.9964 307 455 613 765
