apple 0.9951 415 427 606 587
banana 0.9531 169 501 379 760
banana 0.0212 193 511 495 794
banana 0.0171 287 544 558 806
banana 0.0069 397 373 590 590
mango 0.8452 401 371 585 471
mango 0.7874 446 377 575 440
kiwi 0.9975 299 416 449 582
kiwi 0.0032 310 415 427 502
kiwi 0.0029 323 470 431 582
kiwi 0.0028 329 397 518 554
kiwi 0.0027 347 359 449 440
kiwi 0.0023 336 361 560 471
kiwi 0.0015 237 493 431 627
orange 0.9994 520 543 660 684
orange 0.0040 409 414 582 481
pear 0.9987 310 613 524 827
pear 0.0018 307 1202 747 1281
