apple 0.9996 82 30 216 154
apple 0.9993 -4 0 110 119
apple 0.9992 127 132 275 236
apple 0.9992 275 108 420 227
apple 0.9991 212 189 356 305
apple 0.9989 360 150 481 289
apple 0.9987 198 28 348 139
apple 0.9984 330 -1 476 91
apple 0.9972 83 191 193 300
apple 0.8422 0 90 119 291
apple 0.6106 0 46 16 150
apple 0.0320 2 94 97 212
apple 0.0153 0 60 11 127
apple 0.0051 0 96 5 198
apple 0.0048 0 73 20 128
apple 0.0041 0 7 18 114
apple 0.0041 2 5 96 76
apple 0.0025 0 3 44 80
apple 0.0021 0 71 13 230
apple 0.0016 0 116 11 337
apple 0.0016 461 17 477 214
apple 0.0014 465 145 479 307
apple 0.0014 0 8 6 83
apple 0.0011 475 164 480 297
apple 0.0010 466 -18 479 177
