apple 0.9996 60 61 178 177
apple 0.9994 372 114 483 236
apple 0.9994 0 148 140 277
apple 0.9993 232 189 373 310
apple 0.9993 242 101 400 213
apple 0.9989 110 156 264 296
apple 0.9988 131 61 288 195
apple 0.9971 243 4 408 145
apple 0.9946 184 9 291 117
apple 0.9921 356 34 442 146
apple 0.0368 457 -6 478 163
apple 0.0187 461 94 479 210
apple 0.0065 466 100 479 277
apple 0.0054 322 2 455 164
apple 0.0051 474 43 480 158
apple 0.0041 434 1 481 150
apple 0.0037 474 163 480 278
apple 0.0029 474 97 480 214
apple 0.0014 464 38 479 185
apple 0.0012 205 16 340 137
apple 0.0012 0 122 12 293
