apple 0.9997 83 18 217 150
apple 0.9995 18 98 154 210
apple 0.9995 125 127 275 238
apple 0.9993 229 181 364 310
apple 0.9993 -4 0 111 119
apple 0.9990 359 146 482 283
apple 0.9988 43 190 172 309
apple 0.9988 274 107 419 226
apple 0.9987 199 29 349 141
apple 0.9983 330 0 476 90
apple 0.7190 0 52 17 178
apple 0.0182 0 70 13 133
apple 0.0108 0 21 15 137
apple 0.0098 1 3 94 76
apple 0.0086 0 67 29 235
apple 0.0074 0 66 12 274
apple 0.0048 428 12 481 180
apple 0.0037 458 49 478 214
apple 0.0018 466 -18 479 178
apple 0.0017 0 2 46 81
apple 0.0016 206 35 291 130
apple 0.0014 0 7 6 82
apple 0.0013 -1 56 50 174
apple 0.0012 0 34 6 113
apple 0.0011 463 107 479 232
apple 0.0011 0 -3 19 86
