apple 0.9980 140 126 392 409
banana 0.7761 540 442 726 1002
banana 0.0175 432 430 726 849
banana 0.0144 595 574 725 935
banana 0.0117 615 747 719 967
banana 0.0038 564 706 723 997
banana 0.0027 501 446 720 717
banana 0.0016 611 822 720 933
mango 0.9954 49 31 267 174
kiwi 0.9974 281 15 493 214
kiwi 0.2092 231 0 467 148
kiwi 0.0137 39 18 302 230
kiwi 0.0070 596 853 695 951
kiwi 0.0035 251 -6 499 80
kiwi 0.0028 323 77 504 235
kiwi 0.0019 232 -1 378 78
kiwi 0.0014 227 88 453 241
kiwi 0.0011 106 25 417 268
kiwi 0.0010 331 -8 723 250
orange 0.9369 -2 125 62 308
orange 0.0898 -4 133 42 252
orange 0.0024 12 157 37 263
orange 0.0011 -3 182 30 313
pear 0.9981 29 453 400 821
pear 0.0041 235 0 410 75
pear 0.0029 276 0 463 23
