apple 0.9996 242 142 366 260
apple 0.9993 160 194 290 323
apple 0.9989 185 19 313 136
apple 0.9988 -4 96 117 232
apple 0.9988 349 124 481 244
apple 0.9988 113 120 261 255
apple 0.9981 42 60 196 189
apple 0.9980 74 32 205 143
apple 0.9971 237 65 401 184
apple 0.9880 292 29 421 149
apple 0.2100 464 119 479 293
apple 0.0583 0 76 7 180
apple 0.0444 0 54 12 211
apple 0.0280 472 164 480 277
apple 0.0199 450 121 480 295
apple 0.0100 0 128 5 239
apple 0.0076 0 109 11 269
apple 0.0074 474 118 480 251
apple 0.0044 466 66 479 239
apple 0.0037 466 -36 478 190
apple 0.0019 450 -12 481 202
apple 0.0019 317 56 441 183
apple 0.0014 0 49 5 154
apple 0.0013 300 76 391 187
apple 0.0012 428 135 483 310
apple 0.0011 0 167 5 273
apple 0.0010 241 46 323 146
apple 0.0010 376 23 457 139
banana 0.0015 471 237 480 314
