apple 0.9997 -5 158 268 449
banana 0.9795 301 515 632 1003
banana 0.0135 -2 -1 257 72
banana 0.0027 -5 8 111 93
banana 0.0018 364 682 602 1014
banana 0.0015 -26 0 217 23
banana 0.0011 297 0 548 19
mango 0.5735 -13 -2 126 70
mango 0.0585 -11 0 151 33
mango 0.0142 -5 3 179 106
kiwi 0.9896 174 0 392 129
kiwi 0.0296 191 0 453 82
kiwi 0.0169 0 7 254 114
kiwi 0.0094 8 0 359 70
kiwi 0.0060 145 0 557 156
kiwi 0.0011 167 2 286 107
pear 0.9987 -8 624 254 919
pear 0.0053 137 0 313 18
pear 0.0014 159 0 288 7
