apple 0.9996 225 252 513 542
apple 0.0108 -6 0 114 69
apple 0.0016 345 0 699 73
banana 0.9868 109 690 556 1240
banana 0.0025 -107 549 617 1327
banana 0.0024 -1 -1 138 69
banana 0.0014 -5 0 150 25
mango 0.9954 381 133 612 277
kiwi 0.9891 594 188 724 415
kiwi 0.0541 342 116 624 328
kiwi 0.0306 109 33 287 187
kiwi 0.0239 134 83 265 172
kiwi 0.0151 -4 0 161 267
kiwi 0.0027 16 3 240 156
kiwi 0.0021 19 -11 136 179
kiwi 0.0011 77 6 170 115
orange 0.9996 135 172 309 330
pear 0.9897 -3 504 116 839
pear 0.0063 -11 0 118 27
pear 0.0045 -5 0 62 16
pear 0.0036 2 0 99 11
