apple 0.9997 79 -2 209 105
apple 0.9996 76 78 202 192
apple 0.9996 123 161 266 281
apple 0.9995 277 4 420 142
apple 0.9993 240 186 381 311
apple 0.9992 -3 49 114 168
apple 0.9992 178 52 331 188
apple 0.9990 299 112 443 240
apple 0.9962 191 19 308 111
apple 0.9952 365 -5 478 110
apple 0.0448 0 79 13 260
apple 0.0168 0 45 6 138
apple 0.0087 338 22 418 133
apple 0.0070 0 34 14 160
apple 0.0020 466 -15 479 210
apple 0.0019 370 -4 460 53
apple 0.0015 474 -20 480 92
apple 0.0012 0 64 30 245
apple 0.0010 0 64 5 174
apple 0.0010 449 0 481 199
