apple 0.9997 79 -2 209 105
apple 0.9996 77 80 202 192
apple 0.9996 240 186 381 311
apple 0.9995 128 160 267 282
apple 0.9994 275 4 421 141
apple 0.9991 185 18 309 133
apple 0.9991 -3 49 115 170
apple 0.9989 194 69 355 203
apple 0.9988 300 114 443 247
apple 0.9960 364 -5 478 111
apple 0.3731 0 75 16 228
apple 0.0175 0 44 6 139
apple 0.0087 0 32 14 163
apple 0.0069 339 24 419 133
apple 0.0052 0 57 31 212
apple 0.0026 0 95 9 183
apple 0.0021 465 -13 479 208
apple 0.0015 474 -19 480 92
apple 0.0013 369 -3 460 53
apple 0.0012 339 81 418 141
apple 0.0012 449 1 481 198
apple 0.0010 0 84 46 255
apple 0.0010 293 7 387 70
