apple 0.9994 257 289 571 587
banana 0.2670 -6 474 291 780
banana 0.1170 -12 539 179 855
banana 0.0498 1 414 264 597
banana 0.0316 -4 576 70 856
banana 0.0180 5 697 51 861
banana 0.0155 -43 390 342 864
banana 0.0115 36 420 519 823
banana 0.0061 122 421 272 489
banana 0.0060 56 408 285 521
banana 0.0031 -5 217 150 504
banana 0.0030 161 403 284 468
banana 0.0030 -1 701 77 899
banana 0.0021 83 363 287 477
banana 0.0013 89 438 260 511
kiwi 0.9228 144 486 501 724
kiwi 0.0532 -3 395 314 705
kiwi 0.0354 133 448 361 704
kiwi 0.0168 70 344 500 757
kiwi 0.0055 9 479 243 648
orange 0.9766 5 532 188 733
pear 0.9655 1 232 74 497
