apple 0.9991 398 137 671 398
apple 0.0118 456 166 615 377
banana 0.9144 264 342 704 755
banana 0.0412 387 417 612 703
banana 0.0041 323 358 549 680
grape 0.0013 238 -2 726 53
mango 0.9984 237 629 527 845
kiwi 0.9860 427 335 700 509
kiwi 0.1601 389 157 683 462
kiwi 0.0092 294 329 698 600
kiwi 0.0045 523 319 719 443
kiwi 0.0022 441 440 679 603
kiwi 0.0018 443 373 554 484
kiwi 0.0013 12 1258 241 1280
orange 0.9146 431 451 623 614
orange 0.0010 444 419 552 626
pear 0.9991 88 342 361 625
pear 0.0013 405 592 655 740
