apple 0.9968 179 280 395 519
banana 0.9904 222 507 636 785
banana 0.0198 272 525 528 697
banana 0.0155 186 319 579 797
banana 0.0033 299 635 638 776
banana 0.0011 282 574 588 745
grape 0.0022 -16 -4 489 54
grape 0.0018 192 -4 678 54
mango 0.9850 303 725 592 931
kiwi 0.9482 264 405 498 594
kiwi 0.2131 224 406 552 696
kiwi 0.0308 190 314 490 588
kiwi 0.0279 211 719 593 924
kiwi 0.0175 356 385 489 579
kiwi 0.0093 267 490 503 642
kiwi 0.0069 268 327 586 623
orange 0.9297 346 535 529 677
pear 0.9898 79 596 317 846
