apple 0.9995 78 33 207 148
apple 0.9995 118 119 256 252
apple 0.9995 160 192 292 323
apple 0.9994 241 141 367 261
apple 0.9994 188 20 314 135
apple 0.9992 -4 101 119 228
apple 0.9989 349 128 482 241
apple 0.9972 238 64 400 185
apple 0.9965 296 29 419 148
apple 0.0295 465 108 479 269
apple 0.0232 0 103 10 313
apple 0.0224 473 154 480 268
apple 0.0039 0 58 13 210
apple 0.0026 0 130 5 238
apple 0.0020 474 105 480 225
apple 0.0019 463 53 478 208
apple 0.0015 0 86 5 189
apple 0.0012 0 161 5 281
apple 0.0011 239 48 325 145
