apple 0.9988 512 332 725 767
banana 0.8388 9 464 453 877
banana 0.0083 5 196 151 262
banana 0.0070 125 471 543 575
banana 0.0048 34 450 505 649
banana 0.0027 293 499 497 567
kiwi 0.9529 276 507 699 902
kiwi 0.2177 446 312 726 840
kiwi 0.0065 353 689 708 921
kiwi 0.0029 122 481 630 821
kiwi 0.0024 -4 481 154 848
kiwi 0.0024 609 647 719 753
kiwi 0.0021 134 741 412 889
kiwi 0.0017 456 534 716 886
kiwi 0.0011 431 493 548 567
orange 0.9794 24 507 338 880
pear 0.9941 -7 191 293 554
pear 0.1899 3 591 63 932
pear 0.0326 1 494 99 927
pear 0.0012 -11 450 168 792
