apple 0.9997 240 141 367 270
apple 0.9996 79 31 207 148
apple 0.9995 118 116 254 254
apple 0.9994 -4 17 97 127
apple 0.9994 -5 105 123 232
apple 0.9993 5 197 154 321
apple 0.9992 294 31 419 153
apple 0.9987 349 131 482 244
apple 0.9981 175 76 337 192
apple 0.9966 182 19 326 134
apple 0.0787 0 137 12 316
apple 0.0338 463 109 479 268
apple 0.0209 0 59 12 209
apple 0.0189 0 119 5 230
apple 0.0093 473 150 480 272
apple 0.0038 0 17 7 91
apple 0.0031 0 123 30 295
apple 0.0031 0 33 5 131
apple 0.0030 0 156 5 267
apple 0.0029 0 8 15 115
apple 0.0022 0 89 6 187
apple 0.0022 450 123 480 292
apple 0.0014 438 125 480 221
apple 0.0013 462 52 478 210
