apple 0.9993 399 299 675 549
apple 0.0024 460 324 618 534
apple 0.0017 178 470 399 789
banana 0.8142 243 546 455 852
banana 0.4077 132 444 553 899
banana 0.2486 175 503 416 895
banana 0.0051 305 460 431 546
banana 0.0022 341 448 449 516
mango 0.9966 16 651 257 911
kiwi 0.9324 356 495 682 707
kiwi 0.0134 330 483 549 668
kiwi 0.0106 268 487 482 764
kiwi 0.0064 502 500 717 644
orange 0.9604 293 585 450 769
orange 0.6930 314 488 659 714
orange 0.5631 245 509 455 820
orange 0.2887 175 447 406 880
pear 0.9994 0 343 269 628
