apple 0.9996 262 67 397 177
apple 0.9995 102 164 231 299
apple 0.9993 378 43 480 179
apple 0.9992 101 1 232 114
apple 0.9992 217 0 353 106
apple 0.9991 0 139 150 265
apple 0.9990 152 81 284 185
apple 0.9990 0 45 152 169
apple 0.9987 206 160 356 300
apple 0.9987 339 159 479 299
apple 0.3936 0 77 18 224
apple 0.0708 0 125 14 290
apple 0.0542 467 103 479 273
apple 0.0210 0 49 32 218
apple 0.0140 474 142 480 263
apple 0.0126 473 89 480 204
apple 0.0118 0 26 15 172
apple 0.0056 466 47 479 222
apple 0.0040 0 110 31 263
apple 0.0035 466 162 479 321
apple 0.0021 0 144 5 243
apple 0.0018 0 67 5 172
apple 0.0015 450 78 480 263
apple 0.0010 0 171 7 272
