apple 0.9992 119 66 422 395
banana 0.9891 15 759 446 1282
banana 0.0314 404 459 709 779
banana 0.0076 266 386 648 823
banana 0.0048 -25 0 306 67
banana 0.0041 -7 -1 171 126
banana 0.0036 -3 -4 118 81
banana 0.0033 17 836 250 1266
banana 0.0015 -16 0 125 32
banana 0.0012 0 1147 360 1286
mango 0.9974 -1 359 153 637
kiwi 0.9935 351 386 595 680
kiwi 0.0913 298 421 612 797
kiwi 0.0081 489 482 746 773
kiwi 0.0034 524 439 717 566
kiwi 0.0016 551 500 734 565
orange 0.9957 541 523 713 773
pear 0.9968 438 146 707 476
pear 0.0144 365 104 757 568
