apple 0.9996 262 68 397 177
apple 0.9995 108 163 229 298
apple 0.9994 379 43 480 179
apple 0.9992 151 79 285 184
apple 0.9992 215 0 353 106
apple 0.9991 102 2 233 117
apple 0.9991 10 57 151 185
apple 0.9988 208 159 356 299
apple 0.9987 340 159 479 299
apple 0.1004 466 82 479 256
apple 0.0572 0 57 17 247
apple 0.0267 0 40 31 232
apple 0.0068 467 132 479 316
apple 0.0062 474 147 480 275
apple 0.0062 474 86 480 208
apple 0.0023 450 73 481 233
apple 0.0021 218 159 314 266
apple 0.0015 0 8 12 190
apple 0.0014 465 31 478 201
apple 0.0012 396 -11 481 91
apple 0.0011 80 29 206 142
