apple 0.9783 87 0 694 315
apple 0.4164 38 181 606 781
apple 0.0041 46 -1 330 123
apple 0.0038 74 -3 688 158
banana 0.1372 -26 0 294 73
banana 0.0653 -1 0 183 118
banana 0.0491 -19 0 168 32
banana 0.0229 -13 -3 132 66
banana 0.0053 300 0 687 20
banana 0.0041 74 -1 605 55
banana 0.0035 191 0 553 18
banana 0.0028 -6 -3 199 432
banana 0.0026 0 11 181 217
banana 0.0023 -33 0 278 22
banana 0.0018 63 0 431 19
banana 0.0011 -8 0 58 19
grape 0.0110 199 0 765 54
orange 0.9618 580 380 712 858
orange 0.0086 603 393 718 652
pear 0.9314 28 210 611 873
