apple 0.9985 -7 19 495 591
apple 0.0113 -2 -6 278 129
apple 0.0076 504 0 733 20
apple 0.0055 -29 -1 409 65
apple 0.0054 3 1 103 110
banana 0.4540 619 632 713 882
banana 0.0050 573 632 718 959
banana 0.0032 -8 510 116 891
banana 0.0013 -100 78 641 1036
grape 0.0096 -26 -2 499 59
mango 0.4341 -6 413 109 789
kiwi 0.7593 39 383 624 1139
kiwi 0.0184 10 -2 484 146
kiwi 0.0060 -50 407 404 1093
kiwi 0.0037 536 0 739 20
kiwi 0.0021 81 422 592 670
kiwi 0.0019 7 184 538 938
kiwi 0.0011 456 -2 725 73
orange 0.9950 521 -4 712 287
pear 0.0033 -8 0 61 16
pear 0.0017 -1 363 78 677
pear 0.0013 -1 0 99 10
