apple 0.8709 2 4 400 529
apple 0.0229 -13 -1 369 161
apple 0.0018 15 90 255 542
apple 0.0016 34 -12 421 290
banana 0.3053 -1 -8 468 650
banana 0.1358 -39 30 721 891
banana 0.0701 556 32 716 215
banana 0.0154 4 -4 352 128
banana 0.0075 38 0 419 65
banana 0.0064 211 0 380 23
banana 0.0040 202 178 683 724
banana 0.0027 195 0 348 53
banana 0.0016 40 0 357 18
banana 0.0015 441 0 741 20
banana 0.0013 253 0 392 61
mango 0.9465 -15 214 591 935
mango 0.0130 -5 -2 368 67
mango 0.0084 110 0 338 20
mango 0.0019 31 271 643 559
kiwi 0.9062 367 88 718 439
kiwi 0.1299 382 129 736 725
kiwi 0.0346 519 309 723 714
kiwi 0.0103 360 11 729 270
kiwi 0.0091 468 233 773 641
kiwi 0.0031 13 0 461 154
kiwi 0.0026 390 128 652 300
kiwi 0.0019 246 0 349 11
kiwi 0.0011 451 96 706 235
kiwi 0.0011 352 236 619 401
kiwi 0.0011 63 218 635 470
kiwi 0.0010 236 26 419 296
orange 0.0534 203 0 341 22
orange 0.0313 230 -1 318 13
pear 0.9749 316 1 671 87
pear 0.4158 606 41 716 222
pear 0.0774 -7 -3 294 140
pear 0.0572 273 -10 712 128
pear 0.0435 4 9 53 152
pear 0.0147 -3 -4 92 164
pear 0.0011 253 0 442 23
pear 0.0010 385 30 650 95
