apple 0.9931 110 323 731 1013
banana 0.9537 21 2 434 284
banana 0.0071 -31 0 417 58
banana 0.0063 245 15 433 299
banana 0.0038 14 -2 357 121
banana 0.0035 22 0 324 22
banana 0.0024 161 -3 410 143
banana 0.0011 141 0 450 20
banana 0.0011 6 349 64 687
banana 0.0010 57 5 712 427
mango 0.0063 667 308 720 612
kiwi 0.9878 329 4 735 461
kiwi 0.0055 235 202 742 485
kiwi 0.0023 343 267 735 564
kiwi 0.0016 527 72 727 461
pear 0.9917 0 -1 160 375
pear 0.1017 690 302 726 508
pear 0.0074 0 -2 166 162
pear 0.0067 666 277 721 580
pear 0.0029 3 -12 101 251
