apple 0.9959 58 274 724 986
apple 0.0010 354 268 731 821
banana 0.9808 66 5 460 338
banana 0.0048 230 0 447 284
banana 0.0026 128 54 335 358
banana 0.0019 -30 -8 337 426
banana 0.0017 1 465 41 638
banana 0.0011 -34 0 190 22
banana 0.0010 -4 374 72 656
mango 0.0172 668 320 716 622
kiwi 0.9813 399 131 734 430
kiwi 0.0574 214 218 751 482
kiwi 0.0165 337 159 754 689
kiwi 0.0113 523 164 722 481
kiwi 0.0078 413 184 676 357
kiwi 0.0013 655 278 718 570
kiwi 0.0013 191 12 771 469
pear 0.9970 -5 10 200 392
pear 0.0036 690 342 723 566
