apple 0.9980 110 378 690 1021
apple 0.0044 569 414 716 877
banana 0.8953 67 73 376 440
banana 0.0039 580 275 713 837
banana 0.0033 672 726 718 861
banana 0.0027 190 158 374 454
mango 0.7188 624 367 730 854
mango 0.0152 653 460 718 847
kiwi 0.9862 336 239 726 472
kiwi 0.0421 237 289 737 548
kiwi 0.0265 320 124 755 575
kiwi 0.0046 516 271 713 460
kiwi 0.0019 579 311 715 714
kiwi 0.0016 429 249 704 409
pear 0.9892 -6 0 186 526
pear 0.2917 624 339 714 676
pear 0.0019 678 687 720 856
pear 0.0010 670 604 717 909
