apple 0.9996 233 65 369 179
apple 0.9996 5 103 145 238
apple 0.9995 351 68 481 200
apple 0.9995 127 139 272 260
apple 0.9994 233 -3 363 88
apple 0.9992 74 45 246 174
apple 0.9986 244 160 404 282
apple 0.9981 350 -5 482 103
apple 0.9974 42 1 168 119
apple 0.9655 147 41 259 156
apple 0.0216 0 8 13 188
apple 0.0149 0 65 12 279
apple 0.0131 0 1 10 52
apple 0.0129 467 -3 479 197
apple 0.0082 465 65 479 275
apple 0.0057 0 6 21 49
apple 0.0029 3 1 83 51
apple 0.0026 0 5 6 84
apple 0.0023 0 23 30 206
apple 0.0022 460 -13 478 97
apple 0.0022 167 47 248 116
apple 0.0020 450 52 480 253
apple 0.0020 31 86 156 186
apple 0.0015 474 -14 480 104
apple 0.0015 0 -4 18 88
apple 0.0012 475 66 480 210
apple 0.0011 8 27 113 134
apple 0.0011 0 4 3 49
