apple 0.9996 231 65 369 179
apple 0.9996 4 106 146 240
apple 0.9994 129 140 273 258
apple 0.9994 71 46 252 173
apple 0.9994 349 68 481 199
apple 0.9993 233 -2 364 89
apple 0.9987 244 160 405 282
apple 0.9982 350 -5 482 102
apple 0.3786 169 51 252 152
apple 0.1736 193 0 271 48
apple 0.0789 134 1 210 66
apple 0.0614 0 88 12 290
apple 0.0201 467 10 479 221
apple 0.0193 464 68 478 271
apple 0.0102 13 -19 189 68
apple 0.0100 169 -18 318 58
apple 0.0058 174 0 250 66
apple 0.0056 105 -21 237 71
apple 0.0049 465 -15 479 136
apple 0.0048 220 -2 314 43
apple 0.0043 177 33 294 138
apple 0.0042 0 82 30 263
apple 0.0038 450 49 479 256
apple 0.0028 210 -1 259 34
apple 0.0025 474 70 480 206
apple 0.0014 475 -16 480 107
apple 0.0013 457 -16 479 71
apple 0.0012 450 0 481 160
apple 0.0010 80 49 161 114
