apple 0.9994 350 66 481 196
apple 0.9991 249 67 371 179
apple 0.9988 245 159 404 283
apple 0.9986 0 157 128 295
apple 0.9984 351 -3 482 99
apple 0.9978 261 -4 364 87
apple 0.9971 160 -4 318 112
apple 0.9961 117 62 274 201
apple 0.9912 130 137 273 261
apple 0.0632 466 8 479 187
apple 0.0498 131 45 289 147
apple 0.0452 463 78 478 261
apple 0.0238 0 90 13 287
apple 0.0141 0 194 18 331
apple 0.0085 458 -7 479 91
apple 0.0073 350 32 484 140
apple 0.0062 0 107 30 300
apple 0.0059 0 176 6 283
apple 0.0058 451 24 480 212
apple 0.0034 474 15 480 148
apple 0.0019 450 92 480 286
apple 0.0014 113 67 202 164
apple 0.0014 474 -16 480 88
apple 0.0013 1 127 55 284
apple 0.0012 0 17 10 250
apple 0.0010 438 -2 480 84
apple 0.0010 -1 202 57 317
