banana 0.9975 196 44 275 208
banana 0.9952 251 49 316 222
banana 0.9951 35 24 136 218
banana 0.9892 95 19 187 222
banana 0.8848 224 62 300 227
banana 0.6269 278 49 320 197
banana 0.2123 276 100 321 240
banana 0.1981 88 20 138 228
banana 0.0543 278 27 320 95
banana 0.0277 191 40 245 185
banana 0.0198 77 -1 152 170
banana 0.0127 243 22 321 97
banana 0.0096 297 61 320 232
banana 0.0059 303 44 320 125
banana 0.0057 268 39 316 129
banana 0.0048 289 53 319 115
banana 0.0045 301 31 321 92
banana 0.0043 308 54 319 190
banana 0.0035 278 -43 321 91
banana 0.0018 317 122 320 228
banana 0.0017 315 48 320 117
banana 0.0013 314 32 320 83
banana 0.0013 202 4 311 159
banana 0.0012 310 98 320 243
banana 0.0010 317 84 320 192
