banana 0.9993 114 136 317 232
banana 0.9925 36 7 140 143
banana 0.9681 248 23 321 152
banana 0.9612 170 12 299 87
banana 0.9001 135 0 192 124
banana 0.8786 169 0 296 49
banana 0.7746 212 53 273 145
banana 0.7231 93 5 165 156
banana 0.2075 182 16 286 140
banana 0.0085 308 126 320 241
banana 0.0062 282 60 320 210
banana 0.0047 159 34 269 116
banana 0.0041 185 1 293 24
banana 0.0030 209 45 313 195
banana 0.0022 299 24 320 195
banana 0.0020 116 0 255 54
banana 0.0018 298 90 319 230
banana 0.0018 307 82 319 214
banana 0.0016 79 18 133 150
banana 0.0016 316 168 320 244
banana 0.0015 248 63 320 227
banana 0.0014 309 20 319 176
banana 0.0014 286 128 321 239
banana 0.0013 103 20 210 167
banana 0.0012 175 3 255 40
banana 0.0012 148 35 203 130
