banana 0.9903 62 116 203 191
banana 0.9833 53 158 201 234
banana 0.9490 87 91 239 184
banana 0.4743 115 179 211 260
banana 0.2924 88 151 231 257
banana 0.1192 148 93 254 169
banana 0.1068 194 163 239 209
banana 0.0499 92 137 223 209
banana 0.0232 164 158 250 244
banana 0.0136 191 169 239 246
banana 0.0129 122 44 251 177
banana 0.0125 191 151 242 192
banana 0.0089 187 138 243 179
banana 0.0066 50 195 183 258
banana 0.0046 125 77 247 148
banana 0.0040 180 170 230 220
banana 0.0034 146 139 208 181
banana 0.0026 165 145 300 257
banana 0.0023 37 145 147 217
banana 0.0022 137 102 218 138
banana 0.0021 114 119 249 229
banana 0.0020 187 141 267 218
banana 0.0019 189 113 264 193
banana 0.0015 66 89 167 176
banana 0.0012 172 127 235 170
banana 0.0012 161 148 216 191
banana 0.0012 135 177 277 262
banana 0.0011 18 125 168 233
banana 0.0011 31 132 284 271
banana 0.0011 38 124 148 189
banana 0.0010 92 166 190 197
banana 0.0010 176 135 230 208
