banana 0.9925 28 42 186 214
banana 0.9898 145 3 313 72
banana 0.9606 148 38 306 133
banana 0.8444 39 106 219 236
banana 0.7033 28 19 141 150
banana 0.5865 14 145 172 258
banana 0.0134 22 56 109 146
banana 0.0082 39 114 183 195
banana 0.0078 84 45 232 211
banana 0.0077 44 59 167 147
banana 0.0057 32 85 149 170
banana 0.0052 117 60 256 137
banana 0.0050 -6 80 191 273
banana 0.0044 124 100 241 243
banana 0.0030 38 9 275 196
banana 0.0028 54 18 207 147
banana 0.0023 63 26 125 145
banana 0.0023 116 14 261 87
banana 0.0018 0 191 137 259
banana 0.0017 10 67 122 232
banana 0.0016 21 15 115 107
banana 0.0016 160 110 221 229
banana 0.0015 17 111 110 193
banana 0.0013 -23 -9 156 218
banana 0.0010 175 99 231 195
banana 0.0010 10 139 119 223
