banana 0.9915 92 62 224 254
banana 0.9741 156 106 311 256
banana 0.8678 187 45 319 157
banana 0.6387 199 92 320 219
banana 0.2173 240 120 321 230
banana 0.0588 234 87 319 176
banana 0.0487 159 115 309 190
banana 0.0378 279 156 320 235
banana 0.0288 162 93 317 162
banana 0.0271 132 57 288 209
banana 0.0223 234 39 319 119
banana 0.0169 192 0 318 122
banana 0.0155 145 109 210 214
banana 0.0125 307 58 320 161
banana 0.0104 110 130 252 260
banana 0.0098 278 108 321 211
banana 0.0097 168 136 301 218
banana 0.0086 208 152 314 253
banana 0.0072 308 100 319 217
banana 0.0051 117 38 169 160
banana 0.0046 172 113 229 209
banana 0.0040 283 51 321 143
banana 0.0031 304 153 320 240
banana 0.0030 298 103 320 240
banana 0.0028 112 14 208 199
banana 0.0027 298 50 320 169
banana 0.0025 166 189 305 258
banana 0.0025 316 93 320 171
banana 0.0019 261 63 321 157
banana 0.0018 147 158 274 248
banana 0.0017 316 108 320 205
banana 0.0016 306 29 320 119
banana 0.0016 95 194 229 261
banana 0.0014 316 155 320 232
banana 0.0010 146 -5 362 173
banana 0.0010 18 37 210 268
banana 0.0010 127 40 298 114
