banana 0.9987 113 135 320 229
banana 0.9886 36 5 144 144
banana 0.9684 248 23 321 152
banana 0.8926 137 0 193 124
banana 0.8628 167 12 299 86
banana 0.8136 169 0 295 50
banana 0.6966 210 50 271 146
banana 0.6672 94 3 165 157
banana 0.4075 192 34 290 158
banana 0.0156 149 13 280 131
banana 0.0078 86 11 149 118
banana 0.0061 282 32 320 212
banana 0.0058 175 0 282 24
banana 0.0045 298 25 320 192
banana 0.0044 28 64 104 151
banana 0.0040 308 108 319 236
banana 0.0029 106 17 205 172
banana 0.0025 309 21 319 175
banana 0.0024 206 46 314 195
banana 0.0021 117 -1 252 55
banana 0.0019 298 88 319 233
banana 0.0016 262 72 321 194
banana 0.0015 283 117 322 227
banana 0.0014 316 110 320 191
