banana 0.9987 9 70 121 193
banana 0.9938 90 7 185 155
banana 0.9927 72 4 146 148
banana 0.9321 43 9 124 148
banana 0.1431 38 31 98 136
banana 0.0315 112 3 171 120
banana 0.0290 65 51 123 167
banana 0.0169 121 9 231 155
banana 0.0063 88 46 142 171
banana 0.0055 24 92 87 200
banana 0.0046 45 50 162 192
banana 0.0042 37 69 100 175
banana 0.0038 102 8 156 94
banana 0.0037 80 4 190 63
banana 0.0029 300 31 319 217
banana 0.0021 126 44 182 169
banana 0.0021 28 18 86 106
banana 0.0020 310 34 319 212
banana 0.0016 76 6 133 97
banana 0.0016 284 11 321 210
banana 0.0016 97 3 161 41
banana 0.0013 27 60 89 109
banana 0.0010 123 3 180 44
