banana 0.7923 139 89 200 184
banana 0.7655 27 118 139 228
banana 0.6832 68 81 138 142
banana 0.6382 92 103 171 187
banana 0.2853 172 67 251 139
banana 0.1679 142 51 225 120
banana 0.1126 123 56 203 140
banana 0.0866 200 83 248 136
banana 0.0689 165 61 218 111
banana 0.0440 116 68 210 192
banana 0.0259 154 73 202 120
banana 0.0249 120 47 169 170
banana 0.0162 168 71 215 147
banana 0.0145 91 126 175 221
banana 0.0143 82 68 185 142
banana 0.0115 128 51 178 123
banana 0.0087 178 87 224 135
banana 0.0067 36 128 100 216
banana 0.0052 179 96 208 146
banana 0.0051 132 45 233 163
banana 0.0049 138 62 192 109
banana 0.0043 150 23 263 140
banana 0.0039 188 82 265 160
banana 0.0037 115 145 164 226
banana 0.0028 153 63 263 189
banana 0.0026 155 56 203 94
banana 0.0025 167 94 213 173
banana 0.0023 100 110 159 163
banana 0.0020 62 73 156 192
banana 0.0017 138 87 194 130
banana 0.0016 186 67 217 128
banana 0.0014 125 108 179 206
banana 0.0014 174 69 208 123
banana 0.0013 80 90 130 180
banana 0.0012 151 99 202 145
banana 0.0010 103 150 155 192
