banana 0.9978 -2 18 129 239
banana 0.9974 202 20 318 229
banana 0.9925 153 20 262 203
banana 0.6069 26 1 183 215
banana 0.0796 199 -5 322 57
banana 0.0697 65 53 192 252
banana 0.0212 235 -6 318 169
banana 0.0080 277 37 321 234
banana 0.0068 143 -14 325 83
banana 0.0060 236 104 319 236
banana 0.0060 232 7 321 95
banana 0.0058 236 -15 318 42
banana 0.0049 103 22 222 229
banana 0.0035 0 14 11 107
banana 0.0027 153 11 210 183
banana 0.0027 0 19 8 176
banana 0.0026 0 9 20 185
banana 0.0024 1 0 84 160
banana 0.0023 299 73 321 246
banana 0.0022 279 -12 321 135
banana 0.0018 11 -26 298 86
banana 0.0015 0 72 20 243
banana 0.0014 300 3 320 192
banana 0.0014 310 6 319 165
banana 0.0014 0 80 8 239
banana 0.0013 311 76 320 243
banana 0.0013 163 54 251 157
banana 0.0012 0 -2 38 199
banana 0.0012 0 7 3 96
banana 0.0011 199 24 255 194
