banana 0.9951 135 61 240 192
banana 0.9753 78 7 205 109
banana 0.9715 105 42 214 163
banana 0.1521 145 124 232 228
banana 0.0948 68 44 153 120
banana 0.0594 96 81 182 163
banana 0.0561 65 58 119 134
banana 0.0206 127 38 231 124
banana 0.0179 159 55 222 166
banana 0.0137 170 81 234 209
banana 0.0129 134 72 198 168
banana 0.0100 59 72 106 121
banana 0.0066 67 53 115 96
banana 0.0055 116 107 213 192
banana 0.0053 123 46 184 151
banana 0.0049 77 75 130 122
banana 0.0041 284 50 321 171
banana 0.0040 88 60 145 159
banana 0.0031 306 45 320 151
banana 0.0030 88 16 147 105
banana 0.0027 310 -16 319 137
banana 0.0023 300 -22 319 144
banana 0.0021 55 35 109 114
banana 0.0020 115 12 237 94
banana 0.0018 90 88 143 129
banana 0.0015 111 86 173 132
banana 0.0015 75 58 109 114
banana 0.0014 90 53 144 95
banana 0.0013 316 72 320 154
banana 0.0012 308 71 319 199
banana 0.0011 284 -11 320 132
banana 0.0010 315 53 320 124
banana 0.0010 140 13 265 149
