banana 0.9954 108 133 322 230
banana 0.9773 61 14 214 178
banana 0.9685 257 37 323 156
banana 0.9462 65 114 248 177
banana 0.8717 42 7 119 184
banana 0.8120 199 50 281 149
banana 0.4468 169 16 304 80
banana 0.3786 121 0 304 57
banana 0.0077 73 0 247 118
banana 0.0070 100 123 312 184
banana 0.0066 176 3 283 37
banana 0.0047 309 119 319 250
banana 0.0045 54 98 308 213
banana 0.0043 20 -16 300 88
banana 0.0039 281 66 321 203
banana 0.0033 54 96 169 173
banana 0.0029 65 26 156 127
banana 0.0023 34 95 200 205
banana 0.0023 138 18 287 138
banana 0.0021 100 168 274 238
banana 0.0020 299 29 320 191
banana 0.0019 206 49 311 193
banana 0.0019 284 126 321 242
banana 0.0018 310 19 320 177
banana 0.0018 61 4 208 60
banana 0.0018 68 -6 302 33
banana 0.0013 307 84 319 211
banana 0.0011 210 74 269 162
banana 0.0010 77 25 127 171
banana 0.0010 298 88 319 233
