banana 0.9962 112 6 375 155
banana 0.9957 149 76 409 246
banana 0.9129 110 -1 294 115
banana 0.6539 127 65 366 177
banana 0.3008 129 157 368 252
banana 0.2153 132 108 362 214
banana 0.0696 206 27 407 140
banana 0.0175 107 -11 303 61
banana 0.0084 110 6 203 150
banana 0.0065 269 -4 417 97
banana 0.0065 106 51 236 185
banana 0.0029 294 25 386 89
banana 0.0027 172 -12 379 63
banana 0.0027 198 1 295 68
banana 0.0026 104 184 321 265
banana 0.0019 272 56 418 183
banana 0.0016 274 2 368 69
banana 0.0015 222 0 349 47
banana 0.0013 317 46 398 106
banana 0.0011 272 47 374 105
banana 0.0011 140 -1 289 39
banana 0.0010 101 106 244 212
