banana 0.9990 121 56 242 213
banana 0.9702 100 47 208 171
banana 0.8300 88 33 197 124
banana 0.0321 204 57 251 141
banana 0.0234 120 98 202 202
banana 0.0061 149 28 265 191
banana 0.0052 123 70 186 176
banana 0.0038 198 1 320 61
banana 0.0034 147 63 209 202
banana 0.0025 111 120 171 221
banana 0.0024 74 88 158 165
banana 0.0023 189 43 218 101
banana 0.0023 201 53 249 95
banana 0.0023 84 -1 272 113
banana 0.0018 192 60 243 184
banana 0.0017 114 113 170 154
banana 0.0012 211 59 245 115
banana 0.0011 190 39 237 108
