banana 0.9920 74 174 235 261
banana 0.9861 86 146 234 210
banana 0.9813 70 99 212 165
banana 0.9718 83 123 234 182
banana 0.1316 61 181 170 258
banana 0.0325 52 140 104 183
banana 0.0295 64 180 93 238
banana 0.0271 58 175 97 217
banana 0.0221 58 119 170 181
banana 0.0137 107 105 243 205
banana 0.0130 47 150 90 190
banana 0.0125 45 121 127 189
banana 0.0078 48 166 90 204
banana 0.0072 54 149 174 208
banana 0.0071 47 172 130 242
banana 0.0032 45 78 192 182
banana 0.0029 66 184 116 253
banana 0.0024 83 125 147 165
banana 0.0020 157 117 243 185
banana 0.0018 92 177 166 216
banana 0.0017 63 179 88 207
banana 0.0017 84 117 172 156
banana 0.0015 155 116 224 153
banana 0.0014 43 103 94 191
banana 0.0014 153 140 246 215
banana 0.0014 84 48 227 171
banana 0.0012 67 176 115 215
banana 0.0011 101 165 313 278
banana 0.0011 74 180 104 239
banana 0.0010 66 128 117 166
banana 0.0010 95 156 210 185
banana 0.0010 172 140 232 179
