banana 0.9847 1 3 120 110
banana 0.9847 11 26 172 127
banana 0.9818 10 73 160 172
banana 0.1001 0 33 82 122
banana 0.0332 37 7 101 95
banana 0.0323 58 38 199 157
banana 0.0303 0 3 91 73
banana 0.0260 -1 64 130 137
banana 0.0101 30 0 133 69
banana 0.0059 0 69 9 201
banana 0.0050 0 70 37 200
banana 0.0046 59 7 121 92
banana 0.0039 -1 80 81 171
banana 0.0037 65 0 116 42
banana 0.0033 -1 51 60 141
banana 0.0025 0 64 20 228
banana 0.0020 -6 45 218 206
banana 0.0018 80 21 175 92
banana 0.0015 82 21 149 54
banana 0.0012 1 61 58 110
banana 0.0010 69 30 139 66
