banana 0.9820 54 54 262 256
banana 0.7502 146 66 272 243
banana 0.7389 198 46 259 153
banana 0.5793 88 40 168 106
banana 0.3055 54 73 166 231
banana 0.1805 190 53 278 206
banana 0.1222 78 127 230 258
banana 0.0652 144 38 223 118
banana 0.0450 215 90 286 173
banana 0.0384 177 44 234 129
banana 0.0341 119 37 256 164
banana 0.0131 65 106 150 203
banana 0.0083 85 58 234 140
banana 0.0049 62 83 159 170
banana 0.0036 167 79 264 168
banana 0.0023 79 89 238 165
banana 0.0022 75 29 184 138
banana 0.0022 223 109 280 228
banana 0.0018 164 51 220 165
banana 0.0016 112 47 163 95
banana 0.0014 97 32 217 94
banana 0.0013 50 133 137 218
banana 0.0011 75 19 287 194
banana 0.0011 100 49 158 141
banana 0.0010 190 158 276 255
