banana 0.9978 37 75 239 166
banana 0.9942 204 77 320 197
banana 0.9920 74 106 245 254
banana 0.9883 207 -1 319 109
banana 0.9736 79 17 295 127
banana 0.8240 51 2 227 105
banana 0.3825 138 82 290 218
banana 0.0715 110 0 253 63
banana 0.0444 148 40 313 115
banana 0.0392 106 42 311 163
banana 0.0308 243 96 310 195
banana 0.0147 234 28 320 182
banana 0.0143 279 122 320 221
banana 0.0139 55 3 174 65
banana 0.0115 47 11 134 99
banana 0.0108 264 159 322 255
banana 0.0063 206 130 314 216
banana 0.0044 88 65 274 143
banana 0.0039 196 87 261 186
banana 0.0033 44 41 173 113
banana 0.0030 36 -20 328 97
banana 0.0028 204 59 319 141
banana 0.0026 309 73 320 198
banana 0.0023 171 2 235 45
banana 0.0020 121 -9 293 90
banana 0.0018 304 122 319 223
banana 0.0017 9 50 174 163
banana 0.0011 93 134 224 223
banana 0.0011 298 82 320 214
banana 0.0011 307 156 319 260
banana 0.0010 208 105 271 208
