banana 0.9992 14 28 145 217
banana 0.9952 91 103 240 251
banana 0.9939 -3 111 93 256
banana 0.9584 84 62 249 197
banana 0.7192 147 30 278 143
banana 0.2203 64 77 154 235
banana 0.0472 73 106 135 218
banana 0.0240 29 10 184 145
banana 0.0203 1 47 86 213
banana 0.0152 142 58 267 249
banana 0.0103 0 106 61 216
banana 0.0095 65 17 262 147
banana 0.0093 102 63 261 142
banana 0.0066 34 25 239 229
banana 0.0028 97 111 231 192
banana 0.0019 14 83 120 177
banana 0.0016 90 121 181 227
banana 0.0012 0 142 8 275
banana 0.0012 -17 82 188 263
banana 0.0011 0 117 2 232
banana 0.0010 123 131 232 230
