banana 0.9711 117 161 293 259
banana 0.9271 82 39 178 256
banana 0.7603 133 147 282 200
banana 0.7200 137 106 288 160
banana 0.5981 157 84 315 140
banana 0.5424 212 157 304 244
banana 0.1508 97 97 282 213
banana 0.1291 166 120 292 173
banana 0.1170 255 159 321 257
banana 0.0800 111 117 269 181
banana 0.0741 88 186 232 260
banana 0.0437 61 45 262 257
banana 0.0291 220 151 283 222
banana 0.0272 76 144 199 258
banana 0.0169 96 227 186 256
banana 0.0153 153 132 276 163
banana 0.0148 268 90 309 159
banana 0.0119 238 143 319 225
banana 0.0083 202 153 276 194
banana 0.0079 129 217 200 257
banana 0.0066 129 56 297 157
banana 0.0046 270 125 312 166
banana 0.0042 269 131 315 213
banana 0.0037 165 106 287 136
banana 0.0035 165 129 296 234
banana 0.0033 284 108 313 162
banana 0.0030 92 222 278 268
banana 0.0025 101 45 159 196
banana 0.0025 180 75 320 175
banana 0.0018 151 145 279 168
banana 0.0016 151 228 228 258
banana 0.0014 250 97 305 144
banana 0.0014 73 220 203 265
banana 0.0012 309 156 320 260
banana 0.0012 237 75 315 145
banana 0.0012 86 215 148 257
banana 0.0010 91 133 227 219
