banana 0.9772 169 46 287 216
banana 0.9048 150 43 317 113
banana 0.3361 211 73 317 233
banana 0.0901 195 30 317 176
banana 0.0495 197 19 320 100
banana 0.0153 234 39 319 114
banana 0.0098 152 19 269 102
banana 0.0069 142 43 239 112
banana 0.0045 166 57 298 136
banana 0.0036 173 25 232 119
banana 0.0033 129 53 334 246
banana 0.0031 180 84 277 181
banana 0.0028 214 31 268 162
banana 0.0025 149 106 274 233
banana 0.0021 152 63 232 102
banana 0.0019 310 76 319 219
banana 0.0016 216 82 309 173
banana 0.0015 307 49 320 146
banana 0.0012 277 30 320 117
banana 0.0011 236 -12 318 81
banana 0.0011 281 44 322 201
banana 0.0010 305 20 320 103
banana 0.0010 82 -2 290 215
banana 0.0010 197 102 258 212
banana 0.0010 188 38 237 154
