banana 0.9976 122 10 251 156
banana 0.9913 78 0 251 95
banana 0.9911 25 8 108 157
banana 0.9622 199 45 271 210
banana 0.7905 125 139 245 259
banana 0.3728 43 105 234 257
banana 0.0839 235 51 320 208
banana 0.0546 112 50 203 153
banana 0.0185 54 0 225 61
banana 0.0110 73 11 206 154
banana 0.0073 97 84 179 158
banana 0.0042 40 65 138 238
banana 0.0037 65 61 119 189
banana 0.0032 158 147 224 246
banana 0.0025 80 -10 284 174
banana 0.0023 76 4 161 38
banana 0.0020 206 134 319 210
banana 0.0019 45 31 172 170
banana 0.0017 53 0 174 109
banana 0.0016 257 102 322 211
banana 0.0015 35 1 123 106
banana 0.0015 139 80 237 166
banana 0.0011 55 -6 260 31
banana 0.0010 60 79 154 174
banana 0.0010 187 40 246 178
