banana 0.9899 129 46 297 172
banana 0.9689 85 19 226 186
banana 0.8944 80 144 232 211
banana 0.4100 50 91 230 208
banana 0.1078 94 5 231 66
banana 0.0658 54 86 165 173
banana 0.0623 108 2 251 107
banana 0.0260 77 36 198 115
banana 0.0208 82 62 194 148
banana 0.0117 77 49 129 94
banana 0.0094 71 78 115 117
banana 0.0090 119 113 238 196
banana 0.0082 151 38 264 117
banana 0.0077 118 63 248 147
banana 0.0076 42 100 138 195
banana 0.0058 112 15 166 60
banana 0.0056 70 19 158 97
banana 0.0052 76 54 130 140
banana 0.0043 43 70 136 144
banana 0.0040 144 0 258 59
banana 0.0031 102 23 155 68
banana 0.0028 146 4 210 36
banana 0.0026 54 17 174 143
banana 0.0025 65 80 120 165
banana 0.0021 85 31 142 115
banana 0.0019 88 39 142 81
banana 0.0015 139 44 197 177
banana 0.0014 184 38 245 107
banana 0.0013 162 3 241 39
