banana 0.9930 39 133 174 207
banana 0.9894 59 124 211 170
banana 0.9791 7 6 109 144
banana 0.9660 55 75 204 140
banana 0.9396 45 32 178 138
banana 0.3533 35 9 135 102
banana 0.0987 82 95 216 151
banana 0.0339 47 59 134 142
banana 0.0216 74 29 185 91
banana 0.0134 64 132 174 163
banana 0.0119 2 18 64 148
banana 0.0096 70 43 167 78
banana 0.0079 100 53 206 112
banana 0.0071 70 141 185 171
banana 0.0070 98 131 210 162
banana 0.0065 65 124 190 148
banana 0.0061 68 107 188 137
banana 0.0026 51 -1 162 63
banana 0.0020 10 5 119 67
banana 0.0017 36 4 94 121
banana 0.0016 90 35 167 67
