banana 0.9987 50 143 234 259
banana 0.9958 144 15 263 181
banana 0.9927 3 2 118 118
banana 0.9802 70 0 241 95
banana 0.9659 80 43 234 166
banana 0.8580 0 2 57 120
banana 0.4474 1 0 62 26
banana 0.2030 7 1 105 65
banana 0.0927 182 3 280 158
banana 0.0528 71 -5 244 35
banana 0.0506 100 -2 259 61
banana 0.0311 14 18 201 133
banana 0.0171 10 1 70 41
banana 0.0156 94 0 212 22
banana 0.0151 31 -1 194 65
banana 0.0131 -2 52 71 146
banana 0.0120 -1 2 47 42
banana 0.0087 153 3 260 97
banana 0.0086 52 54 174 151
banana 0.0071 200 9 258 113
banana 0.0067 -2 -6 116 34
banana 0.0049 156 54 252 156
banana 0.0043 0 10 8 139
banana 0.0036 158 17 223 103
banana 0.0031 69 42 203 116
banana 0.0028 0 -5 5 35
banana 0.0027 103 3 203 36
banana 0.0027 137 27 239 125
banana 0.0026 198 2 254 43
banana 0.0022 167 2 236 40
banana 0.0021 31 2 102 42
banana 0.0018 308 113 320 234
banana 0.0016 19 2 115 24
banana 0.0015 24 3 83 113
banana 0.0014 140 0 239 26
banana 0.0014 178 1 287 62
banana 0.0014 20 23 251 188
banana 0.0013 3 6 56 58
banana 0.0011 316 150 320 224
