banana 0.9976 113 157 322 250
banana 0.9973 24 65 148 207
banana 0.9891 0 15 116 137
banana 0.9890 73 6 250 111
banana 0.9701 204 3 303 164
banana 0.8938 130 24 249 189
banana 0.8778 14 76 95 224
banana 0.0583 215 -1 307 97
banana 0.0299 23 15 193 130
banana 0.0271 163 45 308 196
banana 0.0251 98 -2 316 166
banana 0.0150 150 6 264 96
banana 0.0095 94 1 264 68
banana 0.0078 -1 23 61 127
banana 0.0075 24 133 298 267
banana 0.0067 -15 35 184 231
banana 0.0053 0 34 11 139
banana 0.0052 184 13 247 109
banana 0.0044 224 4 281 140
banana 0.0031 141 57 236 157
banana 0.0027 51 36 268 214
banana 0.0022 3 83 83 176
banana 0.0016 -1 35 35 134
banana 0.0014 27 40 86 182
banana 0.0014 0 63 3 151
banana 0.0014 5 101 62 216
banana 0.0013 106 79 226 183
banana 0.0013 0 69 10 175
banana 0.0013 212 6 268 93
banana 0.0010 11 126 77 236
banana 0.0010 21 -17 293 95
