banana 0.9984 84 11 289 141
banana 0.9978 13 5 101 150
banana 0.9799 68 156 247 258
banana 0.8989 164 125 305 239
banana 0.5944 82 56 176 191
banana 0.2662 65 76 126 188
banana 0.1341 167 104 297 155
banana 0.0971 120 61 299 138
banana 0.0389 61 108 305 259
banana 0.0356 46 24 136 182
banana 0.0124 203 118 304 196
banana 0.0049 136 1 278 64
banana 0.0044 158 2 299 118
banana 0.0044 105 117 211 188
banana 0.0043 107 80 202 174
banana 0.0040 95 93 283 159
banana 0.0032 143 118 279 186
banana 0.0025 196 115 285 149
banana 0.0024 171 136 229 206
banana 0.0022 119 193 297 262
banana 0.0020 162 71 297 184
banana 0.0017 163 139 221 253
banana 0.0015 92 59 221 145
banana 0.0014 80 40 246 117
banana 0.0012 7 2 106 63
banana 0.0012 87 83 231 219
banana 0.0012 98 136 270 220
banana 0.0012 88 39 143 161
banana 0.0011 201 42 307 120
banana 0.0011 97 -11 272 91
banana 0.0010 79 38 294 214
