banana 0.9981 49 61 135 187
banana 0.9979 107 63 249 156
banana 0.9954 8 58 98 199
banana 0.9940 82 24 227 102
banana 0.9858 119 116 284 205
banana 0.0062 43 86 98 207
banana 0.0056 263 130 321 240
banana 0.0055 0 46 35 218
banana 0.0050 307 158 320 259
banana 0.0039 1 55 60 168
banana 0.0033 281 162 321 254
banana 0.0029 248 53 321 248
banana 0.0026 0 57 11 190
banana 0.0023 0 1 5 52
banana 0.0018 0 59 22 190
banana 0.0016 57 43 163 113
banana 0.0016 298 132 320 262
banana 0.0015 72 142 256 207
banana 0.0014 0 47 77 117
banana 0.0012 307 113 319 232
pitaya 0.0019 209 -9 316 55
