banana 0.9985 158 51 301 120
banana 0.9787 157 5 304 53
banana 0.9772 158 34 301 80
banana 0.5409 137 -3 287 33
banana 0.5112 137 0 247 24
banana 0.0961 126 2 251 49
banana 0.0590 134 5 224 36
banana 0.0239 142 16 212 51
banana 0.0173 165 35 290 61
banana 0.0140 133 28 247 82
banana 0.0127 187 0 286 23
banana 0.0072 131 14 178 53
banana 0.0065 161 57 292 83
banana 0.0064 166 21 266 52
banana 0.0063 198 20 304 50
banana 0.0061 201 7 302 40
banana 0.0058 158 6 301 105
banana 0.0042 211 0 273 15
banana 0.0035 78 -9 245 31
banana 0.0034 138 25 190 68
banana 0.0020 160 46 247 79
banana 0.0017 246 3 304 41
banana 0.0014 148 0 212 16
banana 0.0011 147 6 214 20
banana 0.0011 186 -8 315 37
banana 0.0011 126 64 255 129
banana 0.0011 132 18 178 103
