banana 0.9977 -4 48 157 217
banana 0.9965 115 107 244 215
banana 0.9954 33 7 228 105
banana 0.9834 100 37 267 133
banana 0.9275 196 111 279 243
banana 0.3878 136 29 286 90
banana 0.0659 93 81 163 173
banana 0.0483 67 33 164 185
banana 0.0141 69 1 240 66
banana 0.0109 62 33 203 117
banana 0.0092 9 17 174 134
banana 0.0052 0 37 11 134
banana 0.0047 37 10 283 153
banana 0.0045 96 63 228 196
banana 0.0037 102 96 223 161
banana 0.0033 0 36 3 128
banana 0.0029 315 170 320 242
banana 0.0025 84 84 182 216
banana 0.0021 150 3 273 66
banana 0.0021 229 80 274 191
banana 0.0020 309 124 319 245
banana 0.0019 0 36 20 207
banana 0.0019 0 45 8 200
banana 0.0016 0 52 36 239
banana 0.0015 308 172 320 269
