banana 0.9985 -5 5 170 152
banana 0.9924 0 78 173 236
banana 0.8438 0 59 85 254
banana 0.8207 134 163 231 256
banana 0.7460 32 97 231 206
banana 0.6836 25 148 195 259
banana 0.2279 64 82 256 175
banana 0.2232 187 156 238 191
banana 0.1446 52 143 212 210
banana 0.1143 79 121 238 248
banana 0.0792 -1 141 124 255
banana 0.0731 166 143 249 210
banana 0.0693 164 120 254 186
banana 0.0588 175 130 233 169
banana 0.0448 186 139 241 176
banana 0.0382 65 188 210 262
banana 0.0302 153 92 261 165
banana 0.0233 177 157 232 237
banana 0.0188 14 194 159 261
banana 0.0145 1 64 58 209
banana 0.0126 15 135 158 218
banana 0.0113 32 230 130 256
banana 0.0080 3 28 264 181
banana 0.0076 0 130 83 231
banana 0.0072 61 70 205 148
banana 0.0070 164 138 219 179
banana 0.0070 -1 184 85 255
banana 0.0066 153 117 261 243
banana 0.0064 4 88 167 168
banana 0.0043 188 172 238 218
banana 0.0038 0 81 7 239
banana 0.0031 22 222 193 266
banana 0.0030 3 61 125 147
banana 0.0027 0 1 4 65
banana 0.0026 0 10 9 137
banana 0.0024 187 159 220 204
banana 0.0023 0 85 19 259
banana 0.0022 123 166 187 250
banana 0.0021 8 106 105 201
banana 0.0020 195 163 253 199
banana 0.0019 0 106 2 207
banana 0.0018 0 73 38 270
banana 0.0017 0 150 10 267
banana 0.0017 -37 36 120 275
banana 0.0016 179 159 274 247
banana 0.0015 171 114 236 158
banana 0.0015 195 128 254 168
banana 0.0015 1 2 85 155
banana 0.0014 0 22 20 173
banana 0.0014 71 65 289 241
banana 0.0014 195 162 227 187
banana 0.0013 59 241 118 257
banana 0.0012 0 6 2 109
banana 0.0012 125 212 182 257
banana 0.0010 183 98 242 173
