banana 0.9947 -2 60 167 241
banana 0.9934 118 31 209 183
banana 0.9673 56 35 169 170
banana 0.9543 14 1 157 101
banana 0.9514 128 50 302 169
banana 0.7393 7 0 127 63
banana 0.6827 0 27 134 174
banana 0.2491 29 33 145 122
banana 0.1973 74 72 195 236
banana 0.1472 0 21 83 97
banana 0.0556 135 54 221 156
banana 0.0545 122 43 187 150
banana 0.0332 0 26 59 142
banana 0.0212 0 23 43 101
banana 0.0166 98 54 160 163
banana 0.0116 2 26 53 71
banana 0.0082 64 9 195 90
banana 0.0076 89 78 183 173
banana 0.0055 113 74 253 218
banana 0.0048 0 67 9 202
banana 0.0041 45 31 274 213
banana 0.0040 4 -6 160 37
banana 0.0039 0 23 8 148
banana 0.0038 71 46 137 150
banana 0.0032 0 19 12 103
banana 0.0031 0 18 4 85
banana 0.0029 0 15 42 59
banana 0.0023 69 5 135 91
banana 0.0021 0 62 20 205
banana 0.0020 113 128 199 226
banana 0.0019 26 2 107 41
banana 0.0016 114 100 206 194
banana 0.0016 0 27 3 125
banana 0.0014 -6 51 86 250
banana 0.0012 22 0 137 22
banana 0.0012 63 23 124 122
banana 0.0012 13 12 71 57
banana 0.0011 31 14 102 55
banana 0.0011 -1 22 36 196
banana 0.0011 152 78 309 213
banana 0.0011 0 4 14 71
