banana 0.9952 165 71 312 177
banana 0.9063 179 157 319 255
banana 0.8779 184 100 321 208
banana 0.0279 150 115 267 185
banana 0.0232 234 111 320 196
banana 0.0134 152 139 266 217
banana 0.0101 149 110 206 187
banana 0.0079 278 93 320 202
banana 0.0078 161 117 218 225
banana 0.0077 237 71 318 141
banana 0.0049 152 166 272 240
banana 0.0032 307 91 319 203
banana 0.0030 308 129 319 238
banana 0.0024 133 111 245 237
banana 0.0022 275 76 320 148
banana 0.0022 143 92 233 175
banana 0.0017 237 165 319 240
banana 0.0016 297 80 320 214
banana 0.0012 260 128 321 237
banana 0.0010 306 69 320 153
banana 0.0010 315 164 320 236
banana 0.0010 163 176 215 217
pitaya 0.0018 117 -3 147 18
