banana 0.9969 203 114 317 251
banana 0.9964 82 48 235 220
banana 0.9926 125 56 287 207
banana 0.9915 106 38 318 137
banana 0.9864 45 8 269 96
banana 0.8996 49 68 179 243
banana 0.4889 175 95 297 215
banana 0.2157 42 29 282 188
banana 0.1790 34 120 130 185
banana 0.0247 221 112 284 210
banana 0.0213 58 111 163 195
banana 0.0162 35 137 140 213
banana 0.0105 59 152 154 261
banana 0.0088 299 125 319 265
banana 0.0088 27 64 148 192
banana 0.0079 309 112 320 257
banana 0.0067 113 85 258 171
banana 0.0056 202 177 253 216
banana 0.0044 41 139 114 180
banana 0.0044 21 93 114 176
banana 0.0038 305 108 320 186
banana 0.0031 118 98 243 246
banana 0.0030 283 119 321 251
banana 0.0023 157 1 310 120
banana 0.0020 -21 41 201 264
banana 0.0018 235 96 317 165
banana 0.0018 126 -1 291 67
banana 0.0015 316 107 320 193
banana 0.0015 36 128 100 170
banana 0.0014 203 60 313 140
banana 0.0014 305 175 319 264
banana 0.0012 24 1 197 63
banana 0.0012 188 96 247 199
banana 0.0010 25 20 203 131
