banana 0.9955 115 148 300 257
banana 0.9860 123 100 300 216
banana 0.9552 61 30 160 184
banana 0.9530 23 31 99 182
banana 0.8060 95 77 228 186
banana 0.2968 82 18 170 96
banana 0.2381 66 49 113 194
banana 0.2310 117 116 248 195
banana 0.1929 97 185 179 260
banana 0.1543 79 39 128 179
banana 0.0820 97 102 180 198
banana 0.0499 61 73 310 239
banana 0.0478 108 163 207 257
banana 0.0404 99 113 222 244
banana 0.0358 108 132 207 209
banana 0.0357 32 29 82 145
banana 0.0234 57 38 104 155
banana 0.0160 52 80 179 210
banana 0.0140 134 94 282 170
banana 0.0109 38 78 126 178
banana 0.0098 81 58 182 156
banana 0.0087 104 124 159 217
banana 0.0082 79 33 130 113
banana 0.0071 86 11 228 155
banana 0.0070 39 17 135 153
banana 0.0066 126 73 230 150
banana 0.0064 25 83 83 183
banana 0.0049 69 40 114 126
banana 0.0027 101 66 159 183
banana 0.0021 67 41 95 105
banana 0.0018 96 33 157 132
banana 0.0017 111 138 169 254
banana 0.0016 134 88 195 181
banana 0.0013 211 108 236 132
banana 0.0011 201 104 249 140
banana 0.0011 57 117 108 197
banana 0.0010 97 23 158 70
