banana 0.9962 37 56 281 145
banana 0.9939 57 86 266 230
banana 0.9920 67 2 294 99
banana 0.9551 10 102 100 245
banana 0.6131 200 0 308 64
banana 0.0559 210 52 303 204
banana 0.0405 203 -4 314 161
banana 0.0310 131 -1 288 71
banana 0.0242 112 66 299 191
banana 0.0176 234 95 295 193
banana 0.0117 28 111 197 240
banana 0.0112 204 2 272 42
banana 0.0092 50 16 174 90
banana 0.0061 50 -2 221 58
banana 0.0056 190 1 242 43
banana 0.0052 37 49 187 118
banana 0.0051 232 6 318 94
banana 0.0051 53 92 269 157
banana 0.0050 186 83 293 177
banana 0.0033 231 3 294 44
banana 0.0028 195 0 261 26
banana 0.0026 75 3 159 39
banana 0.0023 19 49 166 160
banana 0.0019 37 127 94 259
banana 0.0017 57 0 129 26
banana 0.0017 177 -6 298 36
banana 0.0016 179 36 298 118
banana 0.0016 172 0 235 26
banana 0.0015 214 92 271 202
banana 0.0015 64 4 122 40
banana 0.0011 53 -6 261 32
banana 0.0011 73 114 249 195
