banana 0.9978 13 7 100 152
banana 0.9964 90 10 284 149
banana 0.9856 3 188 214 254
banana 0.8162 199 125 284 220
banana 0.5852 84 41 175 206
banana 0.5193 138 117 247 251
banana 0.4039 67 69 124 200
banana 0.2085 141 50 315 156
banana 0.0707 47 150 267 252
banana 0.0291 46 16 135 192
banana 0.0251 172 141 239 247
banana 0.0083 173 94 299 157
banana 0.0073 139 4 275 62
banana 0.0068 101 39 273 116
banana 0.0063 98 50 277 198
banana 0.0055 94 72 215 227
banana 0.0032 105 12 273 90
banana 0.0026 114 196 251 253
banana 0.0021 23 221 248 274
banana 0.0018 206 59 309 147
banana 0.0016 71 54 151 156
banana 0.0012 216 115 289 148
banana 0.0011 93 58 220 146
banana 0.0010 158 1 300 117
banana 0.0010 10 39 117 201
