banana 0.9843 148 39 315 222
banana 0.9496 135 203 278 254
banana 0.7731 139 118 320 240
banana 0.7302 104 120 223 231
banana 0.5668 211 35 314 181
banana 0.2848 126 81 244 223
banana 0.0674 157 13 266 155
banana 0.0322 233 47 301 151
banana 0.0227 128 175 289 243
banana 0.0120 238 56 319 241
banana 0.0106 189 160 321 239
banana 0.0074 263 51 312 172
banana 0.0067 164 60 296 145
banana 0.0060 121 132 186 231
banana 0.0051 139 113 282 196
banana 0.0050 140 59 236 148
banana 0.0037 87 -6 288 215
banana 0.0032 145 105 209 215
banana 0.0022 150 87 270 168
banana 0.0020 171 36 229 158
banana 0.0020 153 193 250 224
banana 0.0016 144 218 263 248
banana 0.0011 30 98 288 252
banana 0.0010 202 109 309 197
