banana 0.9991 59 103 265 200
banana 0.9971 129 109 251 252
banana 0.9967 63 5 254 108
banana 0.9885 42 72 274 139
banana 0.0158 165 95 288 261
banana 0.0121 50 51 225 120
banana 0.0106 43 66 137 141
banana 0.0084 83 81 282 277
banana 0.0046 45 98 230 154
banana 0.0039 138 77 271 135
banana 0.0035 59 116 121 152
banana 0.0024 65 -1 212 73
banana 0.0017 128 15 281 131
banana 0.0014 157 142 223 249
banana 0.0013 105 -11 260 67
banana 0.0012 183 38 273 115
banana 0.0011 53 111 166 197
banana 0.0010 58 6 164 94
