banana 0.9974 11 163 216 255
banana 0.9914 3 120 172 226
banana 0.9375 92 55 226 194
banana 0.9317 222 54 288 219
banana 0.8847 149 56 261 209
banana 0.7807 177 19 300 75
banana 0.5214 176 59 225 212
banana 0.2984 51 79 209 220
banana 0.2601 205 56 252 213
banana 0.1905 115 26 254 88
banana 0.1194 191 62 240 184
banana 0.1004 126 59 237 151
banana 0.0409 151 68 202 199
banana 0.0329 110 33 221 117
banana 0.0318 167 121 222 223
banana 0.0277 211 113 268 229
banana 0.0275 230 52 273 96
banana 0.0274 242 45 311 222
banana 0.0265 182 42 283 178
banana 0.0231 74 66 201 147
banana 0.0220 217 43 297 111
banana 0.0190 213 63 268 183
banana 0.0180 229 58 255 111
banana 0.0136 133 37 279 109
banana 0.0124 142 149 188 197
banana 0.0115 211 25 292 66
banana 0.0083 71 109 187 198
banana 0.0071 146 103 230 205
banana 0.0059 109 137 211 222
banana 0.0057 240 105 288 233
banana 0.0052 127 162 181 204
banana 0.0051 127 83 182 184
banana 0.0043 249 58 278 111
banana 0.0042 213 64 241 129
banana 0.0037 -1 165 80 249
banana 0.0034 192 8 312 111
banana 0.0033 85 180 225 259
banana 0.0031 220 61 263 134
banana 0.0031 138 175 193 215
banana 0.0027 225 25 278 97
banana 0.0026 207 152 251 237
banana 0.0025 123 38 182 82
banana 0.0018 212 39 270 82
banana 0.0018 126 159 232 238
banana 0.0018 203 65 232 127
banana 0.0017 151 131 199 212
banana 0.0017 220 42 264 106
banana 0.0017 203 53 253 95
banana 0.0016 127 137 180 186
banana 0.0016 49 48 185 176
banana 0.0015 140 155 193 236
banana 0.0014 107 5 268 60
banana 0.0014 240 57 286 168
banana 0.0013 0 116 10 230
banana 0.0012 163 104 243 139
banana 0.0011 237 39 292 83
banana 0.0010 213 178 244 237
banana 0.0010 165 -20 304 82
banana 0.0010 175 62 229 134
