banana 0.9402 0 101 70 163
banana 0.9059 42 162 140 236
banana 0.9035 0 148 85 248
banana 0.7519 45 134 126 210
banana 0.7299 0 123 72 189
banana 0.6974 46 104 94 168
banana 0.2537 0 140 112 212
banana 0.0250 0 115 14 178
banana 0.0225 0 103 44 150
banana 0.0182 0 118 5 170
banana 0.0161 58 137 120 185
banana 0.0128 0 108 40 186
banana 0.0124 0 124 12 218
banana 0.0118 182 0 323 22
banana 0.0078 0 133 43 210
banana 0.0075 43 118 95 200
banana 0.0059 28 124 83 167
banana 0.0052 0 131 4 194
banana 0.0050 0 120 29 172
banana 0.0041 0 158 10 261
banana 0.0040 -3 92 79 215
banana 0.0037 44 136 93 180
banana 0.0036 0 99 16 154
banana 0.0028 1 183 116 256
banana 0.0023 0 162 3 249
banana 0.0019 49 175 111 218
banana 0.0017 7 69 112 187
banana 0.0016 0 128 14 159
banana 0.0015 0 99 4 153
banana 0.0014 0 129 20 240
banana 0.0013 57 164 123 204
banana 0.0012 2 31 75 177
banana 0.0011 62 184 123 231
banana 0.0010 46 95 159 215
banana 0.0010 154 -4 321 50
