banana 0.9988 102 81 309 186
banana 0.9979 144 153 305 259
banana 0.9943 53 15 209 129
banana 0.9915 49 125 166 241
banana 0.7843 130 20 299 139
banana 0.3858 141 192 221 259
banana 0.0636 62 187 166 255
banana 0.0613 131 161 236 255
banana 0.0427 188 94 319 205
banana 0.0204 85 119 233 250
banana 0.0172 98 141 164 252
banana 0.0105 81 36 243 169
banana 0.0104 238 138 313 214
banana 0.0102 93 68 279 140
banana 0.0099 108 38 255 119
banana 0.0075 138 210 198 256
banana 0.0060 46 49 284 207
banana 0.0052 149 142 311 212
banana 0.0047 0 -3 224 163
banana 0.0035 247 163 308 201
banana 0.0030 111 97 308 271
banana 0.0024 85 125 150 223
banana 0.0020 66 91 203 223
banana 0.0018 51 -3 312 122
banana 0.0015 171 16 296 96
banana 0.0013 116 10 244 97
banana 0.0012 196 26 318 173
