banana 0.9536 189 70 318 242
banana 0.9488 75 21 293 235
banana 0.8074 164 0 304 103
banana 0.5425 97 6 220 210
banana 0.2786 130 21 298 138
banana 0.1730 124 113 295 242
banana 0.1588 188 2 320 69
banana 0.0878 284 22 320 99
banana 0.0389 166 61 297 135
banana 0.0355 302 47 320 124
banana 0.0335 262 77 319 219
banana 0.0295 285 51 320 143
banana 0.0234 301 27 320 95
banana 0.0206 304 62 319 157
banana 0.0197 289 12 320 66
banana 0.0109 205 38 313 121
banana 0.0092 236 61 319 143
banana 0.0073 298 70 320 202
banana 0.0065 240 13 320 91
banana 0.0060 266 24 317 69
banana 0.0056 144 113 271 192
banana 0.0055 156 161 315 241
banana 0.0046 314 61 320 116
banana 0.0045 314 42 320 99
banana 0.0039 170 86 299 170
banana 0.0039 111 165 265 236
banana 0.0028 316 64 320 150
banana 0.0022 310 68 320 226
banana 0.0018 266 39 318 131
banana 0.0018 82 -1 290 67
banana 0.0016 261 4 313 43
banana 0.0013 108 65 262 138
banana 0.0013 237 157 319 246
banana 0.0012 204 107 312 198
banana 0.0011 315 19 320 72
banana 0.0010 282 70 321 274
banana 0.0010 316 153 320 247
