banana 0.9982 145 29 405 275
banana 0.9950 49 23 347 226
banana 0.9392 24 -5 319 129
banana 0.3467 32 66 305 176
banana 0.1249 28 -9 304 60
banana 0.0631 8 31 187 133
banana 0.0630 56 98 278 210
banana 0.0324 17 72 170 181
banana 0.0061 92 93 317 278
banana 0.0049 101 -17 437 206
banana 0.0047 84 132 249 268
banana 0.0036 36 122 127 180
banana 0.0025 264 4 344 70
banana 0.0024 61 0 214 48
banana 0.0022 26 131 162 263
banana 0.0021 123 -4 422 90
banana 0.0021 6 0 122 113
banana 0.0018 12 -16 185 63
banana 0.0017 141 95 345 222
banana 0.0014 1 96 129 212
banana 0.0013 281 20 360 89
