banana 0.9981 46 22 219 170
banana 0.8754 168 41 249 218
banana 0.7674 115 14 254 198
banana 0.6042 174 24 292 184
banana 0.2329 207 55 310 194
banana 0.1323 92 38 189 220
banana 0.0913 163 64 258 144
banana 0.0568 102 104 176 214
banana 0.0351 176 28 232 163
banana 0.0108 217 107 306 187
banana 0.0071 198 66 255 181
banana 0.0048 0 3 6 50
banana 0.0031 143 -3 322 211
banana 0.0029 106 53 215 147
banana 0.0029 38 56 188 142
banana 0.0022 165 47 217 196
banana 0.0016 0 4 16 68
banana 0.0014 180 81 284 212
banana 0.0014 169 126 244 224
banana 0.0012 234 75 295 176
