banana 0.9968 3 123 261 233
banana 0.9858 -1 3 126 112
banana 0.9732 2 23 161 188
banana 0.8752 12 32 305 180
banana 0.2810 -1 -1 62 100
banana 0.1899 -1 20 75 183
banana 0.0769 73 100 289 213
banana 0.0745 -5 92 180 219
banana 0.0697 25 89 242 162
banana 0.0580 4 1 153 65
banana 0.0573 0 45 43 175
banana 0.0263 0 0 9 125
banana 0.0181 0 0 58 47
banana 0.0166 9 61 115 148
banana 0.0164 0 93 56 198
banana 0.0148 46 68 222 143
banana 0.0147 8 118 218 190
banana 0.0134 0 4 20 141
banana 0.0077 0 52 10 169
banana 0.0068 0 97 11 197
banana 0.0055 0 111 119 194
banana 0.0052 0 9 3 106
banana 0.0052 22 167 244 238
banana 0.0051 12 82 151 171
banana 0.0039 -4 -18 221 135
banana 0.0039 0 90 3 173
banana 0.0037 149 50 309 210
banana 0.0032 0 -9 3 64
banana 0.0028 0 4 42 75
banana 0.0025 31 37 181 118
banana 0.0025 -1 138 126 218
banana 0.0022 0 -4 14 57
banana 0.0020 39 6 168 93
banana 0.0019 0 56 3 145
banana 0.0018 0 0 82 27
banana 0.0017 0 74 21 194
banana 0.0014 -3 -7 125 36
banana 0.0014 27 3 108 40
banana 0.0010 0 112 43 157
banana 0.0010 70 2 139 43
banana 0.0010 0 0 44 29
