banana 0.9814 15 50 199 171
banana 0.9209 78 3 241 104
banana 0.7483 150 145 254 209
banana 0.6541 155 119 258 189
banana 0.5986 159 19 256 106
banana 0.5825 75 50 233 203
banana 0.4926 114 152 205 221
banana 0.4560 187 68 265 155
banana 0.0962 122 99 258 212
banana 0.0844 187 36 266 116
banana 0.0511 10 88 168 160
banana 0.0187 63 128 208 227
banana 0.0132 27 112 144 199
banana 0.0130 127 84 246 169
banana 0.0065 215 46 262 123
banana 0.0029 29 168 201 227
banana 0.0025 105 -4 255 71
banana 0.0022 21 -9 294 127
banana 0.0019 194 114 260 157
banana 0.0018 117 165 194 204
banana 0.0017 197 89 259 178
banana 0.0014 2 65 136 188
banana 0.0014 15 139 116 206
banana 0.0012 184 124 247 216
banana 0.0011 30 40 191 123
banana 0.0011 110 147 258 245
banana 0.0011 164 153 243 190
banana 0.0010 198 63 256 110
