banana 0.9983 24 15 188 184
banana 0.9869 188 66 315 181
banana 0.9796 162 16 251 188
banana 0.9774 110 7 198 191
banana 0.9606 14 104 92 247
banana 0.1892 29 161 152 237
banana 0.0189 177 7 288 162
banana 0.0184 237 49 286 98
banana 0.0142 15 39 111 217
banana 0.0129 8 15 129 156
banana 0.0082 72 0 199 112
banana 0.0077 73 2 240 63
banana 0.0055 227 46 281 121
banana 0.0054 29 82 191 213
banana 0.0049 19 102 67 197
banana 0.0041 89 -4 276 206
banana 0.0023 19 87 100 178
banana 0.0019 77 24 132 68
banana 0.0015 145 1 275 116
banana 0.0013 133 33 333 221
banana 0.0012 30 110 77 155
banana 0.0012 28 56 153 148
banana 0.0012 0 183 14 258
banana 0.0010 131 5 285 63
