banana 0.9982 145 53 322 209
banana 0.9932 110 150 314 257
banana 0.9908 1 56 207 149
banana 0.9875 12 105 198 211
banana 0.0959 185 106 318 244
banana 0.0729 237 48 320 205
banana 0.0563 16 59 299 242
banana 0.0507 66 146 214 258
banana 0.0346 196 166 318 250
banana 0.0315 282 62 321 206
banana 0.0217 142 140 313 218
banana 0.0152 201 14 318 157
banana 0.0090 -1 67 135 139
banana 0.0086 160 62 312 144
banana 0.0058 8 16 301 146
banana 0.0049 142 86 284 170
banana 0.0041 239 183 319 259
banana 0.0035 197 83 314 169
banana 0.0033 238 132 319 226
banana 0.0032 307 65 319 205
banana 0.0028 70 78 245 224
banana 0.0028 152 112 309 193
banana 0.0024 278 139 321 228
banana 0.0023 304 153 320 238
banana 0.0021 298 85 320 230
banana 0.0020 97 37 276 170
banana 0.0019 278 181 320 256
banana 0.0018 316 162 320 237
banana 0.0016 0 69 3 157
banana 0.0013 15 126 259 272
banana 0.0011 246 63 309 159
banana 0.0010 0 55 10 165
