banana 0.9987 204 89 307 233
banana 0.9976 113 39 262 183
banana 0.9892 69 0 243 73
banana 0.9832 98 57 213 238
banana 0.9822 120 26 295 120
banana 0.5871 83 97 171 246
banana 0.2574 209 96 270 196
banana 0.2023 181 66 282 196
banana 0.1229 149 77 264 172
banana 0.0597 53 117 129 179
banana 0.0288 61 139 124 176
banana 0.0188 45 62 179 195
banana 0.0172 59 90 157 171
banana 0.0070 70 155 166 259
banana 0.0065 80 16 250 134
banana 0.0060 85 86 195 175
banana 0.0038 52 11 174 86
banana 0.0038 121 0 286 63
banana 0.0037 17 36 210 270
banana 0.0028 231 116 294 246
banana 0.0027 189 83 248 186
banana 0.0023 46 -20 312 92
banana 0.0014 210 35 298 117
banana 0.0013 107 55 216 157
banana 0.0011 304 18 320 105
banana 0.0011 204 163 249 201
banana 0.0010 63 150 121 188
