banana 0.9972 17 56 204 165
banana 0.9862 142 138 234 259
banana 0.9735 77 93 231 210
banana 0.9486 142 0 264 59
banana 0.9294 200 107 312 182
banana 0.9209 208 68 308 122
banana 0.9194 65 1 211 106
banana 0.6238 174 23 257 123
banana 0.0834 53 17 257 201
banana 0.0483 87 0 239 66
banana 0.0388 29 50 197 111
banana 0.0154 112 10 261 139
banana 0.0105 175 45 294 162
banana 0.0074 136 58 280 193
banana 0.0055 3 42 128 173
banana 0.0054 175 44 233 178
banana 0.0053 51 66 130 102
banana 0.0050 198 25 313 131
banana 0.0038 57 1 170 66
banana 0.0035 303 105 319 189
banana 0.0035 194 -6 319 60
banana 0.0029 148 140 307 268
banana 0.0028 308 114 320 231
banana 0.0019 307 67 320 179
banana 0.0017 87 63 225 147
banana 0.0016 147 -12 307 82
banana 0.0012 197 50 257 142
banana 0.0012 163 2 241 43
banana 0.0011 50 108 173 199
banana 0.0010 173 176 229 258
banana 0.0010 149 1 207 45
