banana 0.9956 14 148 213 253
banana 0.9876 83 89 283 183
banana 0.9820 111 44 262 109
banana 0.8698 125 142 281 206
banana 0.7806 24 12 111 154
banana 0.7438 67 84 255 137
banana 0.1997 88 48 177 114
banana 0.1798 -5 88 176 219
banana 0.1793 8 33 117 229
banana 0.0439 0 80 81 231
banana 0.0423 60 128 258 232
banana 0.0401 90 62 147 109
banana 0.0328 46 94 172 152
banana 0.0323 60 76 168 133
banana 0.0109 57 109 219 189
banana 0.0105 7 65 267 199
banana 0.0099 167 96 290 156
banana 0.0072 119 156 243 233
banana 0.0063 112 85 219 110
banana 0.0049 59 14 168 137
banana 0.0047 120 60 284 158
banana 0.0032 56 115 152 149
banana 0.0029 -1 159 80 244
banana 0.0022 55 55 221 152
banana 0.0018 82 93 197 126
banana 0.0017 -1 101 39 240
banana 0.0016 0 124 10 244
banana 0.0015 38 49 97 163
banana 0.0015 173 123 287 188
banana 0.0014 140 145 264 172
banana 0.0014 114 92 241 122
banana 0.0013 126 71 232 102
banana 0.0013 94 79 161 116
banana 0.0012 135 170 246 202
banana 0.0011 11 85 109 172
banana 0.0011 78 47 132 125
banana 0.0010 1 136 112 220
banana 0.0010 1 83 58 191
