banana 0.9990 138 137 316 231
banana 0.9966 52 15 170 196
banana 0.9959 19 23 92 196
banana 0.9859 64 2 249 119
banana 0.8864 46 -1 272 67
banana 0.8082 162 56 267 140
banana 0.6861 64 110 155 235
banana 0.0405 114 5 255 84
banana 0.0091 0 13 80 87
banana 0.0090 132 35 239 130
banana 0.0086 82 25 236 173
banana 0.0082 309 131 320 237
banana 0.0067 86 104 171 200
banana 0.0041 15 80 74 207
banana 0.0039 315 173 320 238
banana 0.0028 28 -9 244 33
banana 0.0023 63 54 159 153
banana 0.0015 181 -11 275 67
banana 0.0013 52 7 155 37
banana 0.0013 184 16 269 88
banana 0.0012 100 58 221 138
banana 0.0010 128 115 174 203
