banana 0.9992 125 97 277 314
banana 0.9982 51 96 194 313
banana 0.9049 202 127 331 323
banana 0.2332 104 117 229 279
banana 0.0299 40 140 128 309
banana 0.0269 152 73 320 269
banana 0.0225 185 118 278 295
banana 0.0192 168 197 317 328
banana 0.0098 163 162 258 316
banana 0.0082 229 99 299 161
banana 0.0080 166 103 260 245
banana 0.0048 111 169 201 313
banana 0.0041 190 97 268 163
banana 0.0034 424 39 481 264
banana 0.0032 86 212 256 323
banana 0.0027 156 276 268 321
banana 0.0027 464 47 479 256
banana 0.0024 132 90 222 216
banana 0.0021 212 87 286 148
banana 0.0020 209 97 286 207
banana 0.0017 462 0 480 158
banana 0.0014 449 2 479 265
banana 0.0011 242 111 281 147
banana 0.0010 243 117 322 183
banana 0.0010 149 243 236 324
