banana 0.9962 61 107 306 207
banana 0.9951 151 107 320 251
banana 0.9887 110 50 306 155
banana 0.9825 173 11 295 150
banana 0.9657 74 16 207 126
banana 0.0212 159 7 269 96
banana 0.0192 68 97 301 160
banana 0.0170 140 40 286 123
banana 0.0121 299 106 320 262
banana 0.0058 179 4 289 70
banana 0.0051 57 -5 307 126
banana 0.0050 309 102 319 266
banana 0.0047 192 59 316 195
banana 0.0040 143 160 281 245
banana 0.0031 93 58 231 138
banana 0.0029 94 5 224 61
banana 0.0024 234 104 322 249
banana 0.0023 117 204 187 243
banana 0.0018 169 135 306 220
banana 0.0013 42 21 280 179
banana 0.0012 54 116 221 187
banana 0.0012 210 31 274 137
banana 0.0012 120 195 254 255
banana 0.0011 282 97 322 249
banana 0.0010 182 10 247 131
