banana 0.9924 41 71 221 184
banana 0.9905 53 17 221 133
banana 0.7388 189 48 288 216
banana 0.6132 179 94 234 247
banana 0.4855 59 11 164 85
banana 0.0427 224 69 279 206
banana 0.0378 208 59 297 137
banana 0.0181 124 47 243 208
banana 0.0124 69 4 295 200
banana 0.0072 43 66 184 143
banana 0.0059 171 21 301 140
banana 0.0047 76 2 233 68
banana 0.0041 91 1 266 113
banana 0.0035 153 39 270 120
banana 0.0033 212 48 271 174
banana 0.0012 191 81 236 194
banana 0.0011 202 74 254 200
banana 0.0010 -19 -22 241 136
banana 0.0010 143 23 321 239
banana 0.0010 167 81 253 177
banana 0.0010 79 16 151 56
