banana 0.9991 88 87 216 204
banana 0.9968 111 70 263 178
banana 0.9895 127 34 286 132
banana 0.0643 174 68 287 140
banana 0.0443 130 100 235 190
banana 0.0215 122 31 179 65
banana 0.0147 83 66 128 104
banana 0.0109 107 28 269 94
banana 0.0034 115 37 168 80
banana 0.0031 102 53 154 94
banana 0.0027 203 104 275 142
banana 0.0023 174 25 285 99
banana 0.0021 104 64 220 148
banana 0.0018 90 75 140 115
banana 0.0018 193 111 270 184
banana 0.0016 99 41 225 114
banana 0.0014 40 45 237 226
banana 0.0012 81 61 127 134
banana 0.0011 104 31 159 67
banana 0.0010 216 86 285 162
banana 0.0010 95 22 181 95
