banana 0.9863 179 36 381 300
banana 0.9837 50 44 349 274
banana 0.9481 244 57 463 321
banana 0.5023 12 11 336 185
banana 0.0202 213 121 400 320
banana 0.0187 12 108 251 278
banana 0.0147 43 105 294 212
banana 0.0116 112 178 298 291
banana 0.0081 134 139 353 310
banana 0.0053 298 30 471 234
banana 0.0042 41 174 216 287
banana 0.0037 16 108 168 214
banana 0.0035 20 70 239 180
banana 0.0033 8 5 186 246
banana 0.0025 109 59 359 176
banana 0.0023 90 29 384 139
banana 0.0021 296 50 388 222
banana 0.0021 233 90 386 232
banana 0.0017 142 98 336 222
banana 0.0017 466 54 480 285
banana 0.0016 319 44 398 105
banana 0.0016 0 128 126 277
banana 0.0014 200 212 360 327
banana 0.0014 450 49 480 293
banana 0.0013 107 211 200 277
banana 0.0010 202 176 291 308
banana 0.0010 91 -16 449 206
