banana 0.9977 130 139 271 257
banana 0.9962 132 56 286 192
banana 0.9898 30 92 183 205
banana 0.9884 29 158 179 233
banana 0.9588 91 38 225 175
banana 0.2909 45 49 182 165
banana 0.1479 67 76 251 219
banana 0.1386 39 124 227 238
banana 0.0476 70 40 205 122
banana 0.0334 10 106 123 188
banana 0.0243 104 95 305 273
banana 0.0205 124 81 247 173
banana 0.0153 35 69 144 150
banana 0.0098 98 156 223 250
banana 0.0087 1 118 137 235
banana 0.0075 158 67 222 177
banana 0.0046 117 111 260 193
banana 0.0040 25 22 243 193
banana 0.0026 135 69 197 177
banana 0.0020 95 24 221 96
banana 0.0014 35 48 145 118
banana 0.0013 115 6 302 54
banana 0.0010 186 59 242 182
