banana 0.9959 103 17 259 186
banana 0.7577 140 65 288 184
banana 0.6439 126 7 305 112
banana 0.0324 82 -2 202 172
banana 0.0103 163 97 223 218
banana 0.0073 110 37 258 118
banana 0.0073 299 55 320 194
banana 0.0064 309 47 319 198
banana 0.0051 163 3 215 141
banana 0.0038 214 83 291 174
banana 0.0028 115 58 245 149
banana 0.0026 316 138 320 236
banana 0.0023 310 123 320 269
banana 0.0023 205 39 306 111
banana 0.0021 179 106 287 185
banana 0.0018 98 69 162 175
banana 0.0014 307 34 320 139
banana 0.0011 315 129 320 196
banana 0.0011 112 -4 252 63
