banana 0.9980 94 25 220 233
banana 0.8073 69 53 141 213
banana 0.6450 96 8 266 162
banana 0.6003 159 0 271 77
banana 0.4775 101 97 181 247
banana 0.2146 84 -4 282 85
banana 0.0657 187 26 269 189
banana 0.0187 190 144 237 223
banana 0.0067 217 78 265 190
banana 0.0066 163 65 249 237
banana 0.0050 171 104 246 195
banana 0.0036 103 71 154 228
banana 0.0026 129 102 234 245
banana 0.0021 186 32 276 116
banana 0.0016 68 72 123 179
banana 0.0016 230 116 269 198
banana 0.0015 107 130 158 255
banana 0.0013 166 56 258 153
banana 0.0013 105 34 261 115
banana 0.0012 201 128 249 215
banana 0.0011 181 40 248 79
banana 0.0010 301 1 321 51
