banana 0.9992 56 44 152 230
banana 0.9921 251 22 319 223
banana 0.0613 299 15 321 158
banana 0.0524 281 -4 321 200
banana 0.0419 304 11 319 112
banana 0.0184 286 7 321 114
banana 0.0169 263 103 322 237
banana 0.0168 8 15 162 257
banana 0.0072 310 13 320 181
banana 0.0070 301 3 320 71
banana 0.0033 316 13 320 91
banana 0.0033 275 152 320 238
banana 0.0026 307 186 320 281
banana 0.0021 317 26 320 139
banana 0.0016 208 -1 320 164
banana 0.0013 299 54 320 240
banana 0.0011 317 112 320 226
banana 0.0010 242 7 323 99
