banana 0.9939 0 62 124 137
banana 0.9893 13 4 150 60
banana 0.9861 0 45 119 109
banana 0.9847 0 19 124 81
banana 0.0567 63 52 147 146
banana 0.0392 106 47 150 126
banana 0.0367 20 7 115 41
banana 0.0222 4 10 87 67
banana 0.0209 52 18 158 82
banana 0.0156 66 16 143 55
banana 0.0127 0 44 111 73
banana 0.0098 -1 68 112 97
banana 0.0087 0 15 9 131
banana 0.0079 105 41 148 80
banana 0.0077 88 26 142 68
banana 0.0048 58 8 148 38
banana 0.0043 0 35 39 135
banana 0.0038 18 -11 148 38
banana 0.0033 112 48 144 99
banana 0.0032 0 25 3 103
banana 0.0025 52 -2 200 59
banana 0.0021 0 66 11 153
banana 0.0019 0 64 3 138
banana 0.0018 0 25 20 143
banana 0.0018 32 32 126 69
banana 0.0018 93 34 143 113
banana 0.0016 1 15 58 81
banana 0.0015 0 6 4 60
banana 0.0015 97 20 152 56
banana 0.0015 -4 1 95 112
banana 0.0014 72 38 134 79
banana 0.0010 2 78 57 118
banana 0.0010 1 63 58 103
