banana 0.9930 72 21 238 188
banana 0.9443 70 88 256 226
banana 0.8623 55 142 213 258
banana 0.8472 188 2 320 74
banana 0.8209 186 29 319 142
banana 0.4412 58 9 173 157
banana 0.0314 283 40 320 231
banana 0.0247 82 116 241 194
banana 0.0133 125 34 292 168
banana 0.0115 94 -8 333 81
banana 0.0078 75 33 192 122
banana 0.0060 167 80 298 228
banana 0.0049 245 48 319 209
banana 0.0045 72 88 207 170
banana 0.0037 172 218 231 253
banana 0.0036 262 7 322 115
banana 0.0032 58 116 168 188
banana 0.0030 15 87 219 274
banana 0.0027 143 59 273 141
banana 0.0026 174 85 297 162
banana 0.0025 308 5 319 117
banana 0.0017 88 60 222 148
banana 0.0014 309 31 319 166
banana 0.0012 298 35 319 190
banana 0.0012 44 190 189 259
banana 0.0011 130 49 330 257
banana 0.0011 44 -14 272 133
banana 0.0011 47 28 137 126
banana 0.0010 54 142 107 226
banana 0.0010 316 46 320 144
