banana 0.9549 120 161 292 258
banana 0.9127 77 39 183 257
banana 0.8052 162 88 312 137
banana 0.7801 145 108 282 161
banana 0.7353 132 147 281 200
banana 0.5894 210 161 309 247
banana 0.2391 92 127 283 230
banana 0.1492 108 118 269 180
banana 0.1361 253 159 321 257
banana 0.1025 57 51 266 253
banana 0.0783 89 191 229 261
banana 0.0482 166 105 287 134
banana 0.0342 155 132 275 163
banana 0.0323 71 143 205 259
banana 0.0217 132 218 199 256
banana 0.0148 95 227 188 256
banana 0.0138 209 161 274 204
banana 0.0116 220 170 284 218
banana 0.0075 201 118 305 179
banana 0.0071 154 82 306 174
banana 0.0040 271 96 312 172
banana 0.0036 94 221 275 267
banana 0.0036 153 145 276 169
banana 0.0034 173 120 278 151
banana 0.0024 234 160 292 234
banana 0.0023 154 229 223 258
banana 0.0022 162 155 270 188
banana 0.0018 185 50 313 152
banana 0.0013 276 141 321 228
banana 0.0013 43 199 187 258
banana 0.0012 237 90 314 164
banana 0.0011 81 138 328 275
