banana 0.9921 181 143 320 219
banana 0.9871 181 124 320 178
banana 0.9716 182 93 321 151
banana 0.8926 155 77 314 132
banana 0.5186 148 65 281 112
banana 0.0762 158 104 218 138
banana 0.0629 155 96 267 149
banana 0.0359 160 127 265 182
banana 0.0276 159 151 270 214
banana 0.0205 163 109 316 204
banana 0.0187 174 73 280 100
banana 0.0158 306 69 320 151
banana 0.0156 193 56 315 119
banana 0.0150 236 76 318 142
banana 0.0117 141 76 242 129
banana 0.0109 186 122 315 148
banana 0.0106 184 79 291 112
banana 0.0103 154 97 251 126
banana 0.0087 281 80 320 166
banana 0.0072 142 57 286 154
banana 0.0055 152 94 206 130
banana 0.0053 162 113 215 153
banana 0.0050 210 129 319 161
banana 0.0037 190 95 290 125
banana 0.0035 316 68 320 147
banana 0.0033 316 120 320 205
banana 0.0033 308 139 319 252
banana 0.0031 183 106 298 138
banana 0.0028 155 97 203 173
banana 0.0027 188 147 315 175
banana 0.0027 291 81 321 140
banana 0.0024 306 100 319 193
banana 0.0024 315 112 320 176
banana 0.0021 260 88 318 133
banana 0.0020 164 126 214 166
banana 0.0020 178 119 251 150
banana 0.0019 308 23 320 123
banana 0.0017 179 132 251 165
banana 0.0016 156 79 227 112
banana 0.0016 162 120 192 175
banana 0.0015 315 60 320 117
banana 0.0011 316 151 320 236
