banana 0.9979 155 68 301 247
banana 0.9911 43 46 276 159
banana 0.9760 238 75 320 244
banana 0.9167 50 -5 275 81
banana 0.8326 206 22 320 137
banana 0.4617 199 48 321 211
banana 0.3908 97 13 311 197
banana 0.2459 28 63 198 139
banana 0.1893 64 89 261 207
banana 0.0995 76 105 186 196
banana 0.0201 141 4 328 113
banana 0.0187 259 29 321 140
banana 0.0125 309 79 320 191
banana 0.0110 62 95 201 164
banana 0.0106 237 2 319 73
banana 0.0091 301 18 320 78
banana 0.0085 150 63 319 142
banana 0.0071 306 39 320 132
banana 0.0060 280 81 321 189
banana 0.0057 315 109 320 179
banana 0.0055 206 131 322 255
banana 0.0045 298 82 320 213
banana 0.0044 208 80 320 166
banana 0.0043 309 115 320 255
banana 0.0042 280 17 320 58
banana 0.0037 281 114 321 255
banana 0.0029 279 57 320 138
banana 0.0028 316 70 320 145
banana 0.0028 299 123 321 268
banana 0.0021 280 22 320 100
banana 0.0020 153 -5 307 63
banana 0.0018 65 132 167 215
banana 0.0018 242 186 319 260
banana 0.0017 314 16 320 63
banana 0.0016 25 94 154 153
banana 0.0015 19 49 153 122
banana 0.0014 50 -15 265 27
banana 0.0013 261 211 320 258
banana 0.0013 213 105 313 198
banana 0.0012 161 106 268 200
banana 0.0011 316 33 320 107
banana 0.0011 305 177 319 264
banana 0.0011 95 34 269 122
banana 0.0011 317 133 320 242
banana 0.0011 177 124 283 228
banana 0.0011 260 26 319 71
banana 0.0010 296 32 320 138
