banana 0.9954 174 68 291 187
banana 0.9924 129 130 275 234
banana 0.9915 3 150 179 255
banana 0.9862 134 102 281 199
banana 0.5090 55 117 153 205
banana 0.3369 157 66 216 99
banana 0.1506 142 89 193 125
banana 0.0614 48 187 213 257
banana 0.0596 88 148 235 253
banana 0.0393 143 53 226 109
banana 0.0355 118 187 260 250
banana 0.0309 138 72 225 135
banana 0.0287 129 98 241 169
banana 0.0251 146 76 207 121
banana 0.0141 130 125 203 164
banana 0.0132 19 140 69 181
banana 0.0096 112 115 215 177
banana 0.0075 13 114 106 192
banana 0.0062 151 93 226 129
banana 0.0059 138 67 197 103
banana 0.0058 106 144 216 214
banana 0.0054 1 133 77 225
banana 0.0052 46 100 221 212
banana 0.0046 19 90 98 168
banana 0.0039 152 66 275 141
banana 0.0031 206 73 272 173
banana 0.0028 182 103 247 190
banana 0.0022 177 57 291 116
banana 0.0019 148 129 231 166
banana 0.0017 19 135 299 263
banana 0.0015 18 226 202 273
banana 0.0014 182 162 277 238
banana 0.0014 0 20 80 189
banana 0.0014 316 156 320 257
banana 0.0013 160 61 242 90
banana 0.0012 151 101 206 140
banana 0.0012 83 100 191 169
banana 0.0011 311 152 320 265
