banana 0.9918 53 39 216 179
banana 0.9912 74 115 245 239
banana 0.9385 145 -7 328 55
banana 0.9302 140 4 240 199
banana 0.0121 93 -11 270 218
banana 0.0105 161 6 222 142
banana 0.0034 42 85 190 216
banana 0.0032 233 -2 318 57
banana 0.0031 46 -17 323 85
banana 0.0020 307 82 319 213
banana 0.0019 298 58 320 213
banana 0.0017 58 -14 310 39
banana 0.0015 127 96 274 252
banana 0.0014 151 -6 267 109
banana 0.0013 57 60 178 152
banana 0.0011 285 92 320 228
banana 0.0010 61 111 212 191
banana 0.0010 309 30 320 168
