banana 0.9944 26 6 307 165
banana 0.9941 64 100 340 288
banana 0.6127 57 189 340 325
banana 0.5399 15 7 169 153
banana 0.4798 17 0 232 108
banana 0.3867 57 69 332 178
banana 0.2070 39 101 305 211
banana 0.1988 112 34 348 215
banana 0.1873 32 146 312 255
banana 0.0245 156 -6 321 106
banana 0.0155 43 186 229 284
banana 0.0070 0 14 132 220
banana 0.0067 17 104 171 211
banana 0.0041 53 -8 274 57
banana 0.0040 -31 26 304 285
banana 0.0032 195 20 343 141
banana 0.0029 225 23 307 91
banana 0.0024 201 0 294 73
banana 0.0024 19 148 174 243
banana 0.0021 4 58 193 246
banana 0.0020 7 -13 197 62
banana 0.0019 69 -1 211 41
banana 0.0016 180 0 280 47
banana 0.0014 102 1 208 68
banana 0.0013 203 91 345 219
banana 0.0012 185 2 277 119
banana 0.0010 268 63 336 125
banana 0.0010 202 45 298 107
