banana 0.9853 157 43 202 177
banana 0.9809 130 37 174 179
banana 0.9666 177 44 232 178
banana 0.9293 78 65 135 208
banana 0.3013 117 81 165 183
banana 0.2588 139 159 169 209
banana 0.2099 106 85 153 207
banana 0.1029 143 43 185 161
banana 0.0404 141 151 187 212
banana 0.0404 90 64 143 164
banana 0.0232 131 160 158 209
banana 0.0193 100 58 174 161
banana 0.0183 150 146 180 201
banana 0.0165 95 108 172 197
banana 0.0126 104 144 153 218
banana 0.0094 166 75 214 186
banana 0.0091 119 132 165 210
banana 0.0090 153 163 198 207
banana 0.0088 184 93 238 195
banana 0.0069 111 146 204 208
banana 0.0065 125 40 164 137
banana 0.0052 201 0 322 61
banana 0.0046 72 134 155 212
banana 0.0038 147 115 185 202
banana 0.0033 116 124 164 170
banana 0.0031 141 132 168 187
banana 0.0031 162 146 191 199
banana 0.0025 168 152 214 191
banana 0.0018 106 135 152 184
banana 0.0017 155 67 176 154
banana 0.0016 115 172 170 213
banana 0.0016 114 156 147 211
banana 0.0013 117 2 304 54
banana 0.0013 113 119 144 177
banana 0.0011 145 139 185 181
banana 0.0011 177 135 228 187
banana 0.0010 158 90 197 197
