banana 0.9992 112 136 319 233
banana 0.9850 41 8 141 146
banana 0.9768 252 31 319 169
banana 0.8770 160 5 300 104
banana 0.8704 119 3 201 145
banana 0.5888 210 50 271 145
banana 0.5686 93 5 171 156
banana 0.5671 162 0 297 54
banana 0.3301 190 33 290 158
banana 0.0114 135 2 224 105
banana 0.0092 280 25 322 151
banana 0.0052 170 0 287 22
banana 0.0049 299 32 320 212
banana 0.0048 282 63 320 206
banana 0.0035 180 3 280 37
banana 0.0033 308 125 319 243
banana 0.0019 310 14 319 182
banana 0.0017 205 44 315 197
banana 0.0016 38 47 96 147
banana 0.0014 87 15 149 114
banana 0.0012 316 106 320 195
banana 0.0011 151 0 230 25
banana 0.0011 159 62 272 137
banana 0.0010 143 4 211 41
banana 0.0010 284 127 321 239
banana 0.0010 307 65 319 204
