banana 0.9769 6 41 213 152
banana 0.9510 77 57 287 154
banana 0.8487 137 -1 285 102
banana 0.7669 165 70 266 234
banana 0.2166 0 148 116 212
banana 0.1649 93 81 188 223
banana 0.0629 200 76 314 224
banana 0.0222 23 -9 290 123
banana 0.0157 107 49 311 254
banana 0.0151 156 44 304 174
banana 0.0123 52 46 264 120
banana 0.0103 -6 129 174 225
banana 0.0092 182 83 287 173
banana 0.0055 168 67 295 141
banana 0.0041 0 93 122 216
banana 0.0041 0 127 9 242
banana 0.0033 14 57 256 243
banana 0.0032 119 107 253 244
banana 0.0029 -1 159 85 239
banana 0.0022 187 126 272 230
banana 0.0022 0 139 3 234
banana 0.0021 -2 118 88 197
banana 0.0015 56 14 264 92
banana 0.0014 7 124 159 188
banana 0.0013 66 -8 252 62
banana 0.0012 0 88 86 164
banana 0.0011 196 87 257 212
banana 0.0010 96 79 220 162
banana 0.0010 167 155 248 249
