banana 0.9972 210 110 317 250
banana 0.9956 99 17 276 126
banana 0.9872 154 107 266 253
banana 0.4113 260 128 320 261
banana 0.1851 173 6 295 116
banana 0.1652 170 62 214 135
banana 0.0694 189 101 275 205
banana 0.0634 213 64 265 111
banana 0.0422 192 64 275 138
banana 0.0267 203 50 311 215
banana 0.0211 205 74 254 117
banana 0.0189 221 110 283 232
banana 0.0148 224 76 275 118
banana 0.0148 229 230 322 258
banana 0.0143 202 33 256 111
banana 0.0112 239 186 318 264
banana 0.0101 163 57 267 206
banana 0.0095 208 92 308 168
banana 0.0094 220 18 283 105
banana 0.0063 308 133 319 260
banana 0.0061 193 231 287 257
banana 0.0057 117 60 258 134
banana 0.0053 161 128 221 244
banana 0.0052 303 115 320 180
banana 0.0050 298 125 320 266
banana 0.0044 279 125 320 223
banana 0.0035 161 193 317 263
banana 0.0034 186 79 245 168
banana 0.0032 184 35 284 171
banana 0.0031 187 66 219 129
banana 0.0030 213 88 266 128
banana 0.0028 194 223 324 264
banana 0.0028 315 111 320 177
banana 0.0027 191 46 240 123
banana 0.0027 316 125 320 225
banana 0.0025 107 87 311 269
banana 0.0024 291 205 320 261
banana 0.0023 199 115 257 253
banana 0.0022 280 179 320 258
banana 0.0020 256 212 320 260
banana 0.0020 200 58 227 112
banana 0.0019 131 -27 286 103
banana 0.0015 185 0 290 70
banana 0.0014 223 74 276 170
banana 0.0014 233 137 296 251
banana 0.0013 278 224 318 259
banana 0.0012 315 204 320 269
banana 0.0012 126 192 252 256
banana 0.0012 187 54 246 96
banana 0.0011 241 46 289 122
banana 0.0010 188 90 242 129
banana 0.0010 316 167 320 257
