banana 0.9976 4 127 151 237
banana 0.9967 120 14 285 186
banana 0.9898 67 7 294 97
banana 0.9890 0 2 124 141
banana 0.9779 243 14 316 208
banana 0.9647 194 21 283 229
banana 0.9496 14 76 146 196
banana 0.0253 154 105 256 239
banana 0.0125 31 4 189 110
banana 0.0095 6 67 123 147
banana 0.0092 307 143 319 250
banana 0.0033 1 83 77 167
banana 0.0033 -21 37 189 229
banana 0.0033 309 96 320 224
banana 0.0027 258 100 320 214
banana 0.0023 48 32 164 178
banana 0.0023 207 70 267 222
banana 0.0022 107 38 269 115
banana 0.0015 298 121 320 248
banana 0.0012 167 2 302 59
banana 0.0011 201 31 256 190
banana 0.0011 0 -6 2 97
banana 0.0010 0 58 38 184
