banana 0.9957 121 116 305 243
banana 0.9929 41 58 165 235
banana 0.9869 150 26 320 150
banana 0.9816 90 75 280 185
banana 0.5625 103 4 214 86
banana 0.5243 49 35 135 91
banana 0.3785 125 24 244 147
banana 0.3599 67 43 208 168
banana 0.1456 88 28 142 68
banana 0.0877 58 57 160 143
banana 0.0354 77 38 193 119
banana 0.0275 116 138 259 217
banana 0.0161 185 55 321 188
banana 0.0158 130 62 287 140
banana 0.0135 146 39 213 131
banana 0.0114 62 32 126 68
banana 0.0092 79 19 133 59
banana 0.0081 87 67 147 155
banana 0.0078 104 12 153 59
banana 0.0074 71 4 158 70
banana 0.0063 123 51 185 141
banana 0.0051 101 39 156 134
banana 0.0048 35 22 145 135
banana 0.0047 44 89 281 258
banana 0.0044 26 16 247 196
banana 0.0042 146 89 319 163
banana 0.0031 14 43 123 108
banana 0.0027 46 213 110 256
banana 0.0026 118 -4 292 62
banana 0.0024 100 37 155 79
banana 0.0024 82 138 245 257
banana 0.0022 309 126 320 243
banana 0.0019 59 63 126 103
banana 0.0017 44 80 138 178
banana 0.0017 131 15 278 90
banana 0.0016 111 61 170 179
banana 0.0012 75 37 131 133
banana 0.0011 77 104 193 193
banana 0.0011 100 72 152 195
banana 0.0011 111 12 170 85
banana 0.0010 125 38 182 82
