banana 0.9975 96 50 385 204
banana 0.9915 86 110 387 288
banana 0.9894 220 101 406 317
banana 0.7532 309 122 438 321
banana 0.0917 103 180 307 300
banana 0.0628 293 139 389 309
banana 0.0429 137 212 337 326
banana 0.0402 163 135 387 254
banana 0.0363 136 105 402 217
banana 0.0358 196 166 368 310
banana 0.0186 72 145 269 265
banana 0.0169 97 216 240 323
banana 0.0148 55 52 294 273
banana 0.0087 258 51 439 285
banana 0.0071 0 2 14 190
banana 0.0043 212 275 321 321
banana 0.0040 230 208 404 326
banana 0.0032 104 219 207 269
banana 0.0030 202 250 296 321
banana 0.0030 153 72 459 336
banana 0.0028 -1 1 53 194
banana 0.0018 143 275 281 321
banana 0.0017 0 0 4 145
banana 0.0016 310 187 405 325
banana 0.0015 62 179 208 294
banana 0.0014 0 19 30 242
banana 0.0014 196 55 422 177
banana 0.0014 0 44 12 259
banana 0.0012 261 150 355 303
banana 0.0010 81 58 258 187
