banana 0.9924 74 74 240 241
banana 0.8851 53 14 268 142
banana 0.1722 18 41 213 261
banana 0.1297 142 87 264 217
banana 0.0840 159 138 253 220
banana 0.0721 146 27 270 179
banana 0.0571 143 -3 270 49
banana 0.0416 51 1 266 58
banana 0.0351 146 0 260 27
banana 0.0256 123 108 246 188
banana 0.0170 190 113 267 189
banana 0.0115 187 62 269 143
banana 0.0114 100 38 265 116
banana 0.0073 214 151 262 192
banana 0.0071 50 8 227 90
banana 0.0058 44 34 192 169
banana 0.0055 81 90 239 168
banana 0.0048 152 10 268 97
banana 0.0040 64 131 217 258
banana 0.0039 190 3 261 37
banana 0.0035 113 65 257 143
banana 0.0034 199 138 258 182
banana 0.0023 212 126 263 171
banana 0.0023 107 0 304 206
banana 0.0020 212 89 264 132
banana 0.0019 152 -18 311 79
banana 0.0018 306 -15 320 65
banana 0.0016 64 -6 257 31
banana 0.0016 134 3 224 37
banana 0.0012 211 79 266 166
banana 0.0012 132 152 238 245
banana 0.0011 98 -11 268 86
banana 0.0010 181 152 248 190
