banana 0.9989 22 156 210 257
banana 0.9951 48 60 208 158
banana 0.9725 26 109 210 202
banana 0.1646 -5 125 181 236
banana 0.1390 -1 162 82 240
banana 0.1068 0 117 77 188
banana 0.0709 -1 146 118 214
banana 0.0484 0 18 75 188
banana 0.0180 0 70 179 188
banana 0.0119 0 72 61 172
banana 0.0090 -1 128 58 216
banana 0.0084 1 150 56 193
banana 0.0073 -2 78 81 222
banana 0.0068 298 39 319 185
banana 0.0067 307 43 320 154
banana 0.0065 6 94 111 171
banana 0.0061 0 121 14 198
banana 0.0052 -1 103 42 191
banana 0.0050 5 185 114 258
banana 0.0048 1 172 56 221
banana 0.0039 0 7 39 189
banana 0.0030 0 164 3 234
banana 0.0028 0 123 58 171
banana 0.0022 255 12 320 243
banana 0.0021 307 6 320 117
banana 0.0021 92 24 217 151
banana 0.0017 284 31 321 214
banana 0.0016 0 162 42 205
banana 0.0014 0 159 13 236
banana 0.0014 0 122 3 203
banana 0.0012 102 82 209 164
banana 0.0012 -1 167 41 251
banana 0.0011 0 84 11 188
banana 0.0011 19 64 157 146
banana 0.0010 316 43 320 122
