banana 0.9967 127 29 292 171
banana 0.9940 0 110 108 242
banana 0.9930 40 121 188 229
banana 0.9918 18 43 199 156
banana 0.9891 55 192 228 259
banana 0.9136 129 12 299 106
banana 0.3370 6 93 105 169
banana 0.1380 206 43 308 173
banana 0.1109 5 69 167 187
banana 0.0857 0 77 41 194
banana 0.0826 -1 53 87 206
banana 0.0624 14 14 302 150
banana 0.0398 154 86 301 169
banana 0.0270 21 114 150 187
banana 0.0168 9 64 112 149
banana 0.0153 232 71 299 170
banana 0.0117 29 93 191 162
banana 0.0100 54 65 266 179
banana 0.0100 0 71 218 246
banana 0.0091 0 75 11 195
banana 0.0062 0 70 21 224
banana 0.0047 172 1 299 75
banana 0.0038 19 159 160 240
banana 0.0029 0 93 8 252
banana 0.0027 0 93 54 248
banana 0.0025 85 4 283 60
banana 0.0023 238 105 314 189
banana 0.0022 66 125 135 166
banana 0.0018 71 117 134 151
banana 0.0018 1 40 82 126
banana 0.0017 76 132 233 218
banana 0.0017 213 38 303 116
banana 0.0016 22 147 289 259
banana 0.0014 0 20 7 177
banana 0.0014 254 215 321 257
banana 0.0012 -1 31 58 168
banana 0.0012 0 86 2 202
banana 0.0011 0 133 2 241
banana 0.0010 -1 151 41 263
banana 0.0010 71 113 242 188
