banana 0.9963 197 43 274 208
banana 0.9945 250 50 316 222
banana 0.9943 36 25 132 217
banana 0.9864 76 14 144 210
banana 0.9857 94 19 187 222
banana 0.5771 276 73 321 246
banana 0.1310 240 79 296 235
banana 0.0706 278 36 320 83
banana 0.0615 281 51 320 173
banana 0.0259 190 32 248 171
banana 0.0238 289 44 320 99
banana 0.0128 298 51 320 217
banana 0.0096 223 73 279 218
banana 0.0090 243 22 321 96
banana 0.0084 2 7 166 238
banana 0.0082 267 34 317 110
banana 0.0081 300 32 321 89
banana 0.0076 303 46 320 123
banana 0.0068 90 -14 143 138
banana 0.0053 307 55 319 189
banana 0.0027 279 58 320 109
banana 0.0023 279 -40 321 87
banana 0.0019 313 35 320 80
banana 0.0018 314 50 320 102
banana 0.0016 317 114 320 224
banana 0.0011 316 53 320 136
banana 0.0011 310 95 320 247
banana 0.0010 317 70 320 182
