banana 0.9994 222 67 470 315
banana 0.9892 199 84 350 314
banana 0.9842 141 92 285 315
banana 0.0904 280 22 479 246
banana 0.0357 238 164 384 311
banana 0.0251 219 135 317 308
banana 0.0189 215 210 347 326
banana 0.0183 166 157 263 320
banana 0.0119 264 247 345 323
banana 0.0113 353 70 479 311
banana 0.0083 306 167 477 314
banana 0.0063 252 214 457 328
banana 0.0056 300 277 425 321
banana 0.0049 461 146 480 309
banana 0.0049 232 272 342 320
banana 0.0046 227 126 404 266
banana 0.0041 210 204 285 315
banana 0.0036 278 269 363 320
banana 0.0029 89 28 393 308
banana 0.0028 0 73 14 267
banana 0.0027 361 215 477 322
banana 0.0025 419 153 482 300
banana 0.0021 279 201 358 318
banana 0.0019 293 249 389 322
banana 0.0017 457 229 480 329
banana 0.0017 334 246 420 324
banana 0.0016 390 271 480 322
banana 0.0015 -1 39 52 264
banana 0.0014 203 261 427 332
banana 0.0013 139 211 284 323
banana 0.0013 294 137 468 260
banana 0.0012 0 69 30 308
banana 0.0012 474 171 480 290
banana 0.0010 246 97 459 225
