banana 0.9947 119 4 293 167
banana 0.9933 87 83 184 224
banana 0.9883 112 43 249 215
banana 0.0377 161 -1 242 29
banana 0.0125 78 -1 250 109
banana 0.0116 115 -5 252 34
banana 0.0085 165 50 294 197
banana 0.0071 162 107 253 195
banana 0.0053 84 26 199 190
banana 0.0047 113 81 211 178
banana 0.0046 45 26 232 241
banana 0.0030 119 62 252 147
banana 0.0024 198 150 254 194
banana 0.0020 128 162 245 244
banana 0.0019 179 84 288 170
banana 0.0015 193 136 261 209
banana 0.0014 139 2 220 38
banana 0.0014 107 39 268 119
banana 0.0013 203 -3 303 168
banana 0.0012 98 116 161 222
banana 0.0011 190 163 243 204
banana 0.0011 191 -1 258 26
banana 0.0010 188 156 244 236
