banana 0.9924 100 42 274 211
banana 0.9089 133 107 280 210
banana 0.8920 75 33 194 233
banana 0.2277 56 62 105 165
banana 0.0851 167 56 292 192
banana 0.0753 47 52 129 204
banana 0.0451 80 24 186 146
banana 0.0239 140 24 275 151
banana 0.0125 109 63 265 140
banana 0.0071 181 85 284 168
banana 0.0047 60 99 173 243
banana 0.0031 65 81 154 168
banana 0.0021 86 31 147 165
banana 0.0020 114 86 261 169
banana 0.0014 91 28 221 88
banana 0.0014 185 36 279 118
banana 0.0013 214 61 286 144
banana 0.0012 39 11 235 204
