banana 0.9833 145 161 233 254
banana 0.9812 23 2 196 71
banana 0.9809 7 70 201 197
banana 0.9213 65 100 200 216
banana 0.8392 130 47 245 210
banana 0.8180 68 48 244 118
banana 0.7883 201 47 308 112
banana 0.6493 200 96 310 170
banana 0.2479 37 42 235 160
banana 0.1741 131 108 241 247
banana 0.0863 151 41 264 119
banana 0.0464 92 133 230 212
banana 0.0435 88 12 225 87
banana 0.0422 38 53 132 117
banana 0.0346 154 81 252 175
banana 0.0297 153 93 318 204
banana 0.0267 81 26 286 229
banana 0.0209 27 3 86 39
banana 0.0200 176 38 233 179
banana 0.0190 172 45 294 167
banana 0.0127 49 66 110 110
banana 0.0096 29 65 190 131
banana 0.0071 136 143 321 268
banana 0.0052 20 0 112 58
banana 0.0046 95 88 227 167
banana 0.0044 32 3 125 24
banana 0.0041 187 45 245 129
banana 0.0036 151 137 251 218
banana 0.0026 20 14 114 87
banana 0.0023 24 22 156 136
banana 0.0022 195 50 257 92
banana 0.0022 30 -11 189 30
banana 0.0022 35 6 146 35
banana 0.0017 128 -5 237 68
banana 0.0016 3 38 126 181
banana 0.0014 173 49 232 94
banana 0.0014 308 110 319 232
banana 0.0013 149 43 209 153
banana 0.0012 133 2 283 113
banana 0.0011 168 63 238 104
banana 0.0011 302 95 320 176
