banana 0.9950 137 122 294 240
banana 0.9847 183 86 321 213
banana 0.4900 160 113 304 193
banana 0.1151 200 186 319 259
banana 0.0792 126 197 304 259
banana 0.0228 303 173 320 242
banana 0.0177 281 158 321 234
banana 0.0162 235 160 319 247
banana 0.0116 199 71 316 150
banana 0.0083 305 128 320 218
banana 0.0058 239 16 318 187
banana 0.0057 315 176 320 236
banana 0.0051 119 94 341 264
banana 0.0051 290 191 320 251
banana 0.0047 262 185 319 230
banana 0.0042 280 79 322 215
banana 0.0039 233 106 322 199
banana 0.0035 314 161 320 213
banana 0.0031 297 109 321 234
banana 0.0021 185 89 247 178
banana 0.0021 304 194 320 269
banana 0.0019 261 138 320 228
banana 0.0017 121 101 265 210
banana 0.0014 177 44 300 177
banana 0.0014 308 71 319 200
banana 0.0013 263 55 319 167
banana 0.0012 261 161 318 206
