banana 0.9956 14 85 203 229
banana 0.9901 130 116 245 250
banana 0.9789 34 32 284 122
banana 0.9738 0 63 214 157
banana 0.9681 0 151 75 257
banana 0.4532 2 119 112 241
banana 0.2526 189 144 287 209
banana 0.0856 19 131 149 217
banana 0.0799 21 135 83 234
banana 0.0718 9 114 165 189
banana 0.0392 14 42 212 108
banana 0.0351 74 56 238 208
banana 0.0339 0 140 40 181
banana 0.0308 0 121 79 194
banana 0.0251 177 118 294 234
banana 0.0249 58 136 220 253
banana 0.0249 188 162 280 234
banana 0.0181 -3 84 133 158
banana 0.0122 0 125 14 194
banana 0.0103 204 164 277 205
banana 0.0088 2 134 55 212
banana 0.0054 0 89 12 180
banana 0.0053 17 138 67 178
banana 0.0047 0 136 11 231
banana 0.0045 152 189 266 257
banana 0.0040 0 103 38 189
banana 0.0038 30 156 140 246
banana 0.0036 1 188 64 268
banana 0.0035 0 147 40 248
banana 0.0032 84 193 240 258
banana 0.0031 0 92 4 159
banana 0.0031 77 107 195 200
banana 0.0027 157 139 223 248
banana 0.0027 70 93 295 263
banana 0.0025 2 127 55 168
banana 0.0024 11 149 72 190
banana 0.0023 0 129 3 196
banana 0.0021 0 71 80 148
banana 0.0017 212 176 286 213
banana 0.0015 0 157 9 261
banana 0.0015 80 62 288 133
banana 0.0014 198 188 255 230
banana 0.0013 192 92 311 207
banana 0.0013 8 184 104 257
banana 0.0013 0 179 2 281
banana 0.0011 0 153 3 246
