banana 0.9933 160 61 316 240
banana 0.9926 34 48 228 250
banana 0.9677 85 -6 274 83
banana 0.9364 160 159 316 255
banana 0.9352 113 27 258 240
banana 0.0186 64 19 213 192
banana 0.0166 235 75 319 222
banana 0.0151 303 179 319 263
banana 0.0046 98 128 328 273
banana 0.0031 283 181 321 259
banana 0.0030 308 112 319 231
banana 0.0029 82 7 241 138
banana 0.0025 197 85 315 175
banana 0.0021 309 73 320 198
banana 0.0017 281 103 321 238
banana 0.0016 299 87 320 231
banana 0.0015 193 139 320 226
banana 0.0013 96 -15 268 30
banana 0.0012 239 162 319 242
banana 0.0011 317 88 320 201
banana 0.0010 316 156 320 255
banana 0.0010 33 -5 190 58
banana 0.0010 124 159 247 255
