banana 0.9981 6 159 220 256
banana 0.9931 4 109 211 214
banana 0.9930 73 5 255 112
banana 0.5216 123 38 248 175
banana 0.1799 165 56 253 157
banana 0.1641 116 59 201 155
banana 0.0536 102 71 154 152
banana 0.0223 142 13 270 87
banana 0.0202 78 63 199 192
banana 0.0195 26 96 281 255
banana 0.0188 76 33 201 116
banana 0.0175 127 83 184 181
banana 0.0164 95 0 268 69
banana 0.0117 152 53 206 172
banana 0.0080 78 11 290 195
banana 0.0077 155 40 265 117
banana 0.0075 90 110 223 194
banana 0.0072 200 56 254 140
banana 0.0045 67 9 159 104
banana 0.0041 184 75 245 188
banana 0.0033 109 82 253 213
banana 0.0031 -4 118 138 242
banana 0.0030 112 86 170 135
banana 0.0028 162 68 220 196
banana 0.0021 110 29 168 143
banana 0.0016 189 60 245 108
banana 0.0015 91 92 142 172
banana 0.0013 0 133 9 260
banana 0.0012 74 26 132 119
banana 0.0012 93 112 140 154
banana 0.0011 178 1 278 64
banana 0.0010 111 82 144 142
banana 0.0010 56 39 176 165
