banana 0.9977 22 77 105 243
banana 0.9937 60 19 218 121
banana 0.9922 194 45 282 229
banana 0.9910 125 39 230 217
banana 0.9796 75 103 127 216
banana 0.1980 211 39 316 174
banana 0.1216 46 58 125 217
banana 0.0582 112 89 165 207
banana 0.0231 37 132 100 254
banana 0.0158 92 48 182 214
banana 0.0097 115 26 302 237
banana 0.0043 44 -13 269 134
banana 0.0043 235 37 317 127
banana 0.0023 310 105 319 239
banana 0.0022 240 54 317 241
banana 0.0020 280 105 321 241
banana 0.0018 116 109 259 237
banana 0.0016 60 96 148 242
banana 0.0016 57 99 107 223
banana 0.0012 304 183 320 257
banana 0.0012 115 59 165 164
banana 0.0011 91 99 138 201
banana 0.0011 117 127 164 242
kiwi 0.0041 0 0 38 46
