banana 0.9706 95 4 267 101
banana 0.9038 89 26 188 184
banana 0.7336 71 3 142 67
banana 0.6889 143 98 232 259
banana 0.6578 74 129 182 212
banana 0.6125 214 23 300 174
banana 0.5185 54 65 132 132
banana 0.2270 123 7 249 203
banana 0.1993 218 99 305 170
banana 0.1987 61 119 125 152
banana 0.1484 52 102 132 158
banana 0.1056 218 14 307 106
banana 0.0713 62 40 150 125
banana 0.0681 85 80 225 228
banana 0.0345 81 6 186 95
banana 0.0216 161 159 225 254
banana 0.0163 214 9 273 139
banana 0.0149 300 109 320 184
banana 0.0117 74 125 132 162
banana 0.0115 106 79 199 177
banana 0.0104 186 111 287 181
banana 0.0083 307 109 320 232
banana 0.0073 86 117 143 155
banana 0.0065 95 110 214 192
banana 0.0055 75 122 136 199
banana 0.0055 177 56 295 196
banana 0.0052 53 68 166 182
banana 0.0051 148 79 231 179
banana 0.0049 88 5 147 115
banana 0.0048 249 110 303 160
banana 0.0039 69 90 134 130
banana 0.0037 96 30 267 275
banana 0.0035 234 60 317 149
banana 0.0031 202 89 313 207
banana 0.0029 248 51 303 97
banana 0.0026 302 87 320 160
banana 0.0022 98 20 154 150
banana 0.0020 286 101 321 172
banana 0.0020 100 11 156 56
banana 0.0019 111 38 172 162
banana 0.0016 99 28 211 118
banana 0.0015 223 124 281 171
banana 0.0015 165 56 247 155
banana 0.0014 57 -15 303 131
banana 0.0013 69 23 120 70
banana 0.0013 249 41 305 129
banana 0.0012 315 104 320 171
banana 0.0011 88 60 144 159
banana 0.0010 86 4 120 62
