banana 0.9984 144 87 321 229
banana 0.9976 76 43 294 162
banana 0.9897 123 4 296 116
banana 0.8057 93 -1 228 48
banana 0.1722 206 -3 298 104
banana 0.0271 189 49 319 161
banana 0.0112 123 113 306 189
banana 0.0105 74 42 244 120
banana 0.0099 106 0 221 27
banana 0.0061 119 0 289 61
banana 0.0039 98 -11 262 88
banana 0.0038 110 109 267 237
banana 0.0030 212 32 310 123
banana 0.0021 0 3 8 143
banana 0.0019 64 49 213 197
banana 0.0018 0 53 8 193
banana 0.0017 0 12 3 91
banana 0.0013 138 2 215 41
banana 0.0013 105 2 175 43
banana 0.0012 171 2 234 43
banana 0.0012 278 29 321 143
banana 0.0011 127 135 242 222
banana 0.0011 0 87 3 175
banana 0.0011 281 82 319 259
banana 0.0010 0 43 3 121
banana 0.0010 90 111 185 191
