banana 0.9940 109 121 300 237
banana 0.9937 104 30 209 179
banana 0.9850 59 13 159 144
banana 0.9081 42 3 143 95
banana 0.6549 106 21 173 147
banana 0.1981 28 45 80 151
banana 0.1342 100 76 216 221
banana 0.1146 43 51 125 148
banana 0.0440 75 34 133 158
banana 0.0418 18 37 110 161
banana 0.0274 85 9 173 104
banana 0.0254 49 13 110 134
banana 0.0245 93 79 187 173
banana 0.0162 99 45 156 173
banana 0.0063 92 85 142 185
banana 0.0054 91 137 233 217
banana 0.0039 113 117 257 196
banana 0.0037 134 47 219 153
banana 0.0032 54 54 177 192
banana 0.0029 54 77 104 161
banana 0.0019 177 32 208 88
banana 0.0017 20 19 70 130
banana 0.0015 60 47 263 251
banana 0.0010 100 112 153 156
