banana 0.9976 126 189 422 326
banana 0.9754 122 55 427 194
banana 0.9708 106 146 454 247
banana 0.8429 145 114 461 212
banana 0.0955 209 158 470 303
banana 0.0945 72 32 354 167
banana 0.0411 248 84 445 173
banana 0.0116 100 114 320 214
banana 0.0108 209 36 416 154
banana 0.0088 251 219 451 323
banana 0.0058 107 176 305 294
banana 0.0044 47 76 444 245
banana 0.0043 312 173 458 294
banana 0.0039 311 141 454 245
banana 0.0038 81 119 345 279
banana 0.0022 270 62 370 123
banana 0.0020 297 237 416 287
banana 0.0013 144 263 411 341
banana 0.0012 325 251 428 315
banana 0.0011 370 141 459 276
banana 0.0010 85 143 250 249
banana 0.0010 250 126 436 171
