banana 0.9970 13 71 151 180
banana 0.9903 0 96 119 205
banana 0.9254 -1 135 94 210
banana 0.1292 1 101 89 168
banana 0.0373 0 125 62 164
banana 0.0135 0 115 42 156
banana 0.0124 0 114 6 162
banana 0.0115 57 77 123 170
banana 0.0082 0 89 14 157
banana 0.0058 0 120 4 179
banana 0.0047 84 77 149 169
banana 0.0042 0 96 40 175
banana 0.0037 0 108 12 185
banana 0.0036 0 53 12 144
banana 0.0029 11 130 98 168
banana 0.0028 20 131 137 216
banana 0.0026 0 134 9 261
banana 0.0024 0 88 4 151
banana 0.0021 2 118 58 201
banana 0.0018 -3 141 88 174
banana 0.0017 0 52 39 144
banana 0.0016 0 68 80 150
banana 0.0013 1 101 57 144
banana 0.0012 0 89 40 135
banana 0.0012 0 123 14 153
banana 0.0011 -1 122 30 171
