banana 0.9941 57 73 258 192
banana 0.9756 69 0 251 124
banana 0.5362 138 79 266 225
banana 0.3689 231 87 270 188
banana 0.2763 42 48 170 114
banana 0.2293 21 54 197 164
banana 0.1959 62 147 164 211
banana 0.1532 169 42 255 117
banana 0.0502 26 67 149 141
banana 0.0319 122 106 251 192
banana 0.0259 109 67 254 142
banana 0.0238 21 87 110 175
banana 0.0211 140 135 242 228
banana 0.0164 39 84 188 213
banana 0.0154 59 9 159 96
banana 0.0144 69 118 253 231
banana 0.0103 66 29 119 71
banana 0.0097 33 120 138 182
banana 0.0094 153 16 264 139
banana 0.0066 189 51 246 101
banana 0.0063 188 60 265 142
banana 0.0058 191 79 272 177
banana 0.0054 54 1 164 59
banana 0.0042 74 -3 246 65
banana 0.0039 217 96 267 215
banana 0.0037 38 126 99 169
banana 0.0026 64 2 121 40
banana 0.0023 76 162 192 238
banana 0.0022 68 44 139 79
banana 0.0021 -12 0 235 159
banana 0.0016 65 17 119 102
banana 0.0016 50 40 110 78
banana 0.0013 50 1 112 26
banana 0.0012 16 44 122 118
