banana 0.9985 113 135 321 230
banana 0.9901 38 9 141 144
banana 0.9774 252 34 319 170
banana 0.9663 211 54 272 145
banana 0.9264 168 11 298 85
banana 0.9091 168 0 296 48
banana 0.8329 135 -1 193 123
banana 0.5125 93 7 167 157
banana 0.2211 193 38 288 158
banana 0.0101 173 0 284 24
banana 0.0064 87 14 149 115
banana 0.0061 147 15 279 129
banana 0.0058 282 63 321 205
banana 0.0041 309 120 319 248
banana 0.0034 105 14 206 175
banana 0.0033 298 34 320 211
banana 0.0031 117 0 253 55
banana 0.0020 64 13 123 129
banana 0.0016 37 46 95 147
banana 0.0015 173 3 257 39
banana 0.0014 310 28 319 193
banana 0.0013 307 82 319 212
banana 0.0011 316 167 320 244
banana 0.0011 316 104 320 196
banana 0.0010 284 128 321 238
