banana 0.9979 33 53 236 211
banana 0.9907 12 156 196 257
banana 0.7350 78 4 234 99
banana 0.5040 28 22 139 189
banana 0.0582 30 7 195 151
banana 0.0435 10 78 169 220
banana 0.0227 31 1 137 94
banana 0.0199 47 53 112 172
banana 0.0111 123 0 235 71
banana 0.0043 101 34 260 176
banana 0.0043 78 4 129 97
banana 0.0042 36 114 190 195
banana 0.0029 2 166 128 243
banana 0.0025 16 -6 207 85
banana 0.0023 42 62 183 145
banana 0.0023 46 105 265 236
banana 0.0022 -25 -6 158 212
banana 0.0021 30 140 230 217
banana 0.0014 14 29 120 124
banana 0.0011 6 144 117 215
banana 0.0011 13 115 113 193
