banana 0.9964 16 15 113 144
banana 0.9658 13 129 253 235
banana 0.9594 105 14 270 190
banana 0.8321 185 9 289 81
banana 0.7805 44 92 268 208
banana 0.7731 217 50 299 120
banana 0.1459 211 41 302 171
banana 0.0913 53 199 221 246
banana 0.0541 149 3 276 63
banana 0.0421 64 164 249 242
banana 0.0280 224 70 283 176
banana 0.0189 183 15 293 148
banana 0.0163 14 72 212 182
banana 0.0159 182 4 244 40
banana 0.0147 132 1 294 99
banana 0.0104 174 73 293 232
banana 0.0093 72 63 197 137
banana 0.0084 1 122 221 188
banana 0.0066 214 103 296 189
banana 0.0060 113 120 299 237
banana 0.0041 -5 137 188 211
banana 0.0027 179 10 232 56
banana 0.0021 195 15 258 57
banana 0.0020 204 40 276 78
banana 0.0020 159 3 224 40
banana 0.0016 232 53 293 94
banana 0.0015 33 19 187 141
banana 0.0014 83 3 239 58
banana 0.0014 143 22 369 232
banana 0.0013 185 1 266 28
banana 0.0013 118 61 256 145
banana 0.0012 92 35 224 118
banana 0.0012 136 86 281 170
