banana 0.9965 6 6 113 152
banana 0.9934 41 24 142 183
banana 0.9928 127 58 254 243
banana 0.9338 116 165 205 249
banana 0.4239 81 141 130 184
banana 0.2850 78 33 188 181
banana 0.2042 95 163 137 207
banana 0.2021 105 169 150 247
banana 0.1819 120 148 289 250
banana 0.0706 77 145 145 208
banana 0.0442 101 97 150 169
banana 0.0177 74 119 150 192
banana 0.0127 93 82 176 171
banana 0.0102 93 124 139 166
banana 0.0071 99 144 132 196
banana 0.0061 110 169 142 224
banana 0.0057 49 13 270 197
banana 0.0057 175 65 279 240
banana 0.0050 147 86 255 173
banana 0.0038 136 108 243 196
banana 0.0032 115 162 165 238
banana 0.0031 125 55 182 188
banana 0.0027 99 182 141 233
banana 0.0021 165 196 297 253
banana 0.0019 175 56 233 188
banana 0.0017 188 108 269 189
banana 0.0016 50 28 106 168
banana 0.0016 135 135 195 235
banana 0.0016 82 94 133 175
banana 0.0016 131 3 324 251
banana 0.0015 -20 -5 148 207
banana 0.0015 131 13 247 158
banana 0.0013 111 55 205 152
banana 0.0013 74 117 193 238
banana 0.0013 83 158 133 234
banana 0.0011 315 203 320 270
banana 0.0010 178 64 226 106
