banana 0.9946 153 93 313 212
banana 0.9918 121 17 288 86
banana 0.9875 103 64 266 135
banana 0.9676 132 69 282 186
banana 0.8248 116 88 261 160
banana 0.6417 244 60 320 202
banana 0.2896 279 91 320 225
banana 0.1689 176 175 230 247
banana 0.1310 117 53 286 111
banana 0.0472 128 115 249 184
banana 0.0178 163 136 258 218
banana 0.0148 197 42 318 183
banana 0.0089 189 131 313 221
banana 0.0068 151 -21 307 80
banana 0.0067 181 162 286 234
banana 0.0065 117 117 187 154
banana 0.0043 119 65 341 241
banana 0.0039 94 94 187 161
banana 0.0038 281 -32 320 53
banana 0.0036 90 71 192 134
banana 0.0036 173 61 286 151
banana 0.0034 306 -37 320 60
banana 0.0031 209 70 270 173
banana 0.0030 145 131 235 166
banana 0.0027 303 1 320 71
banana 0.0025 298 61 320 231
banana 0.0025 142 141 213 176
banana 0.0023 119 57 188 89
banana 0.0023 111 105 196 141
banana 0.0023 309 91 319 227
banana 0.0022 279 16 321 155
banana 0.0021 129 128 201 163
banana 0.0020 308 11 320 135
banana 0.0020 89 7 245 103
banana 0.0019 108 68 173 104
banana 0.0018 128 60 251 87
banana 0.0016 100 94 204 126
banana 0.0015 298 7 320 139
banana 0.0014 138 103 192 191
banana 0.0014 126 141 183 180
banana 0.0011 139 120 240 152
banana 0.0011 317 129 320 234
banana 0.0011 101 1 226 68
banana 0.0010 97 90 232 205
banana 0.0010 113 126 169 162
banana 0.0010 251 114 305 225
banana 0.0010 103 80 203 113
