banana 0.9947 85 89 280 183
banana 0.9934 76 146 249 247
banana 0.9918 20 7 109 157
banana 0.9331 180 41 302 114
banana 0.6108 93 21 230 95
banana 0.2860 66 71 208 136
banana 0.1095 215 129 289 227
banana 0.0701 65 58 250 160
banana 0.0375 70 108 148 196
banana 0.0335 123 119 290 237
banana 0.0261 90 25 277 125
banana 0.0162 160 154 261 247
banana 0.0134 71 95 206 207
banana 0.0068 36 15 181 144
banana 0.0065 60 63 164 196
banana 0.0054 50 100 272 264
banana 0.0051 304 35 320 111
banana 0.0031 2 2 116 60
banana 0.0024 214 85 292 168
banana 0.0023 172 91 292 215
banana 0.0016 0 2 39 44
banana 0.0015 83 192 241 254
banana 0.0013 36 0 121 98
banana 0.0013 305 15 320 85
banana 0.0012 68 84 120 192
banana 0.0012 15 -4 302 121
banana 0.0012 59 105 167 241
banana 0.0010 127 69 290 138
