banana 0.9942 7 27 219 141
banana 0.9879 206 89 315 224
banana 0.7908 166 41 262 230
banana 0.5840 82 36 287 155
banana 0.3238 38 104 131 239
banana 0.2578 92 82 187 228
banana 0.0747 132 59 290 137
banana 0.0284 179 105 248 215
banana 0.0283 171 39 301 117
banana 0.0249 2 39 136 163
banana 0.0211 110 24 309 241
banana 0.0121 197 20 309 193
banana 0.0116 35 44 186 217
banana 0.0067 203 69 306 134
banana 0.0059 187 37 245 181
banana 0.0046 123 109 248 245
banana 0.0027 53 22 212 95
banana 0.0022 213 171 272 243
banana 0.0018 162 38 219 152
banana 0.0016 20 3 293 122
banana 0.0013 235 95 297 203
banana 0.0011 200 74 256 200
banana 0.0011 186 123 275 231
banana 0.0011 167 156 253 249
banana 0.0010 212 78 292 113
