banana 0.9861 116 154 266 252
banana 0.9544 131 55 283 208
banana 0.8003 185 99 319 215
banana 0.1079 180 132 283 219
banana 0.0923 189 38 320 174
banana 0.0486 237 128 320 227
banana 0.0296 143 109 265 199
banana 0.0214 200 42 320 114
banana 0.0079 159 91 310 168
banana 0.0072 236 52 319 206
banana 0.0068 132 87 250 174
banana 0.0054 197 163 254 207
banana 0.0052 154 63 318 137
banana 0.0031 100 95 316 262
banana 0.0028 213 173 265 216
banana 0.0022 194 112 257 209
banana 0.0020 204 157 318 236
banana 0.0019 120 22 308 145
banana 0.0019 128 97 180 173
banana 0.0017 310 102 319 241
banana 0.0017 278 48 321 172
banana 0.0014 109 145 221 224
banana 0.0014 260 81 320 190
banana 0.0014 176 64 224 102
banana 0.0014 170 0 284 28
banana 0.0013 225 165 277 205
banana 0.0013 317 100 320 202
banana 0.0011 299 106 320 259
banana 0.0011 279 88 321 231
banana 0.0010 309 62 320 183
banana 0.0010 200 153 257 238
