banana 0.9977 172 15 288 154
banana 0.9928 0 14 83 158
banana 0.9829 41 59 177 166
banana 0.9828 46 14 220 104
banana 0.9803 3 151 199 240
banana 0.7944 189 14 314 93
banana 0.6295 215 30 303 177
banana 0.2946 35 19 131 99
banana 0.2135 143 60 281 177
banana 0.1162 54 13 206 63
banana 0.0586 244 72 301 173
banana 0.0433 0 15 44 105
banana 0.0183 95 17 276 135
banana 0.0106 210 21 270 150
banana 0.0103 38 27 99 147
banana 0.0095 0 46 9 173
banana 0.0081 24 9 149 61
banana 0.0069 -1 22 38 169
banana 0.0066 116 12 248 94
banana 0.0060 54 68 129 101
banana 0.0048 47 25 164 49
banana 0.0040 0 42 20 174
banana 0.0037 0 12 11 109
banana 0.0036 1 3 79 70
banana 0.0033 22 49 292 199
banana 0.0026 -1 52 115 184
banana 0.0024 68 45 250 161
banana 0.0023 0 91 10 203
banana 0.0022 27 52 85 161
banana 0.0018 224 83 280 183
banana 0.0018 0 15 3 88
banana 0.0017 15 12 70 109
banana 0.0017 306 72 320 173
banana 0.0016 134 6 285 64
banana 0.0015 -6 153 138 217
banana 0.0015 53 31 179 59
banana 0.0014 2 4 58 42
banana 0.0014 -1 12 41 61
banana 0.0013 -1 85 37 208
banana 0.0012 93 82 220 167
banana 0.0012 305 50 320 122
banana 0.0012 22 87 193 209
banana 0.0011 -9 136 318 268
banana 0.0011 42 50 112 95
banana 0.0011 127 21 205 53
banana 0.0010 35 37 102 83
