banana 0.9911 164 25 253 193
banana 0.9872 215 34 309 220
banana 0.9870 109 111 305 253
banana 0.9275 107 7 220 193
banana 0.5498 176 66 295 235
banana 0.4267 232 19 318 154
banana 0.3009 235 105 320 244
banana 0.0820 190 134 322 260
banana 0.0487 260 44 321 173
banana 0.0471 127 164 289 248
banana 0.0468 84 2 194 121
banana 0.0391 223 76 281 217
banana 0.0292 95 89 237 223
banana 0.0245 222 34 284 163
banana 0.0225 210 62 270 184
banana 0.0184 282 132 320 237
banana 0.0162 144 50 226 157
banana 0.0154 112 134 257 216
banana 0.0130 307 126 319 243
banana 0.0129 87 19 282 230
banana 0.0118 171 13 296 156
banana 0.0085 248 74 306 219
banana 0.0073 186 103 285 200
banana 0.0062 278 78 322 216
banana 0.0035 298 90 320 230
banana 0.0028 308 88 319 206
banana 0.0025 156 136 303 221
banana 0.0025 171 31 235 146
banana 0.0025 137 34 196 186
banana 0.0024 298 142 320 272
banana 0.0022 316 151 320 249
banana 0.0021 119 81 209 175
banana 0.0020 309 36 320 161
banana 0.0020 305 178 320 261
banana 0.0018 316 128 320 211
banana 0.0017 183 78 245 209
banana 0.0014 198 31 257 165
banana 0.0012 111 24 171 140
banana 0.0011 99 192 229 260
banana 0.0011 262 155 321 256
