apple 0.0019 303 -39 319 39
banana 0.9973 23 78 101 242
banana 0.9929 98 51 230 206
banana 0.9660 54 19 181 94
banana 0.9110 70 89 121 224
banana 0.5087 202 68 317 233
banana 0.0353 153 64 258 243
banana 0.0213 88 99 142 218
banana 0.0152 79 80 183 216
banana 0.0060 54 4 250 108
banana 0.0054 96 21 318 237
banana 0.0043 84 79 126 170
banana 0.0034 263 89 323 206
banana 0.0034 122 153 164 240
banana 0.0031 144 124 234 242
banana 0.0025 278 82 321 284
banana 0.0013 188 75 288 180
banana 0.0012 171 20 297 196
banana 0.0011 236 10 321 201
banana 0.0011 298 114 320 279
banana 0.0010 186 44 242 178
