banana 0.9963 42 89 222 316
banana 0.9950 121 42 428 279
banana 0.9886 92 74 307 314
banana 0.1803 153 140 397 314
banana 0.0262 160 220 318 324
banana 0.0204 206 249 293 319
banana 0.0204 87 25 334 225
banana 0.0178 96 154 233 315
banana 0.0129 169 2 449 194
banana 0.0104 -23 60 279 339
banana 0.0092 245 96 444 300
banana 0.0068 241 215 383 321
banana 0.0066 132 134 342 259
banana 0.0059 170 274 294 322
banana 0.0058 459 75 479 231
banana 0.0055 423 80 481 227
banana 0.0054 133 64 417 178
banana 0.0029 459 133 480 281
banana 0.0026 0 161 5 298
banana 0.0025 280 245 365 322
banana 0.0021 222 232 307 299
banana 0.0021 241 173 334 312
banana 0.0020 283 172 427 306
banana 0.0020 139 104 407 217
banana 0.0019 319 129 443 263
banana 0.0019 240 250 327 317
banana 0.0019 0 160 15 328
banana 0.0018 185 231 278 298
banana 0.0016 297 229 379 297
banana 0.0016 125 98 222 280
banana 0.0015 111 94 292 223
banana 0.0014 474 132 480 237
banana 0.0013 52 202 208 329
banana 0.0012 276 216 365 277
banana 0.0012 356 89 475 224
banana 0.0012 203 174 294 314
banana 0.0010 164 248 264 321
banana 0.0010 -1 117 56 299
