banana 0.9953 96 37 223 234
banana 0.6168 131 29 243 173
banana 0.5423 31 39 192 114
banana 0.1547 52 35 184 214
banana 0.0751 142 24 223 93
banana 0.0587 45 27 226 93
banana 0.0538 161 43 238 249
banana 0.0401 152 35 208 83
banana 0.0207 83 106 190 237
banana 0.0066 147 36 209 136
banana 0.0063 92 53 228 144
banana 0.0048 138 29 198 68
banana 0.0041 173 35 238 138
banana 0.0035 25 42 110 117
banana 0.0031 15 18 249 146
banana 0.0029 162 46 215 93
banana 0.0021 175 31 226 69
banana 0.0018 139 49 196 93
banana 0.0013 90 80 185 178
banana 0.0013 162 27 195 75
