banana 0.9988 81 4 231 119
banana 0.9982 123 67 246 236
banana 0.9975 250 72 318 232
banana 0.9792 127 56 289 168
banana 0.9638 123 38 304 109
banana 0.7242 237 82 288 210
banana 0.2374 210 67 307 191
banana 0.1789 109 131 212 254
banana 0.1639 214 82 270 187
banana 0.0368 279 49 321 244
banana 0.0254 180 73 292 228
banana 0.0195 84 78 196 234
banana 0.0124 300 55 320 238
banana 0.0059 133 105 235 201
banana 0.0048 243 65 318 150
banana 0.0045 309 114 320 256
banana 0.0040 84 36 242 166
banana 0.0038 300 -5 320 56
banana 0.0035 96 133 158 232
banana 0.0026 311 47 320 222
banana 0.0023 280 -32 322 56
banana 0.0018 201 22 311 93
banana 0.0017 108 191 211 257
banana 0.0013 259 146 319 240
banana 0.0012 43 -3 277 156
banana 0.0011 305 162 320 251
