banana 0.9987 65 76 300 180
banana 0.9981 109 122 315 244
banana 0.9941 152 0 299 59
banana 0.8820 77 52 289 118
banana 0.6159 153 25 300 83
banana 0.0855 241 24 322 174
banana 0.0731 283 26 321 166
banana 0.0473 261 114 320 157
banana 0.0427 144 41 319 162
banana 0.0408 238 113 320 193
banana 0.0346 196 63 322 189
banana 0.0316 306 136 320 232
banana 0.0138 262 80 322 165
banana 0.0124 204 135 317 209
banana 0.0120 61 93 216 173
banana 0.0078 210 33 315 127
banana 0.0076 306 95 319 201
banana 0.0069 280 102 320 192
banana 0.0062 94 6 287 105
banana 0.0053 207 1 295 38
banana 0.0048 305 33 319 162
banana 0.0045 298 98 320 223
banana 0.0042 285 137 321 228
banana 0.0037 244 128 311 165
banana 0.0030 38 35 326 133
banana 0.0026 315 120 320 193
banana 0.0024 262 135 319 180
banana 0.0024 54 92 276 262
banana 0.0023 315 159 320 227
banana 0.0022 219 76 285 116
banana 0.0020 248 19 302 54
banana 0.0019 236 21 317 97
banana 0.0017 276 122 320 170
banana 0.0014 96 167 159 200
banana 0.0013 148 112 318 192
banana 0.0011 297 16 320 139
