banana 0.9951 137 65 280 235
banana 0.9899 207 65 317 249
banana 0.9731 96 150 226 257
banana 0.9426 94 95 240 217
banana 0.5218 191 193 281 256
banana 0.2832 116 193 253 259
banana 0.0296 154 31 299 180
banana 0.0279 82 189 201 257
banana 0.0231 142 163 266 253
banana 0.0226 202 162 318 257
banana 0.0174 211 200 265 251
banana 0.0103 58 86 268 273
banana 0.0046 0 107 9 238
banana 0.0034 81 141 198 218
banana 0.0029 153 105 263 201
banana 0.0025 186 213 245 255
banana 0.0024 149 56 275 142
banana 0.0021 181 131 285 222
banana 0.0021 0 124 3 201
banana 0.0020 128 213 200 257
banana 0.0020 132 166 198 251
banana 0.0020 222 82 281 211
banana 0.0020 199 160 258 255
banana 0.0013 0 112 36 256
banana 0.0013 0 101 20 245
banana 0.0013 2 12 72 240
banana 0.0011 212 108 265 231
banana 0.0011 0 156 10 261
