banana 0.9856 67 55 204 115
banana 0.9827 51 110 206 185
banana 0.9733 50 95 204 150
banana 0.5770 115 47 238 101
banana 0.5460 126 106 227 197
banana 0.0772 106 56 200 91
banana 0.0436 178 67 228 105
banana 0.0344 192 92 231 131
banana 0.0242 129 71 229 134
banana 0.0112 183 97 227 173
banana 0.0107 78 34 206 94
banana 0.0097 152 55 229 92
banana 0.0088 191 77 232 116
banana 0.0066 84 82 200 114
banana 0.0061 139 67 212 102
banana 0.0043 104 3 256 105
banana 0.0041 94 67 190 102
banana 0.0034 184 78 227 144
banana 0.0031 160 77 218 116
banana 0.0030 117 46 210 79
banana 0.0021 77 56 232 150
banana 0.0018 69 95 189 123
banana 0.0015 197 100 224 127
banana 0.0015 52 105 158 139
banana 0.0014 53 121 179 147
banana 0.0012 147 86 206 128
