banana 0.9633 83 121 182 182
banana 0.9349 124 140 205 225
banana 0.8931 171 93 215 159
banana 0.7998 173 161 252 227
banana 0.7393 29 104 139 160
banana 0.7112 117 77 185 149
banana 0.7109 175 123 248 183
banana 0.0376 138 120 229 187
banana 0.0213 174 165 235 205
banana 0.0178 199 163 252 211
banana 0.0147 74 101 190 209
banana 0.0132 117 147 253 243
banana 0.0122 24 78 146 184
banana 0.0097 159 96 204 171
banana 0.0061 127 113 175 155
banana 0.0056 174 119 205 174
banana 0.0051 165 125 213 219
banana 0.0039 177 186 230 229
banana 0.0037 162 120 259 235
banana 0.0034 128 92 237 217
banana 0.0034 108 127 174 169
banana 0.0032 124 118 182 202
banana 0.0032 164 172 216 219
banana 0.0032 142 71 226 152
banana 0.0024 109 71 200 189
banana 0.0023 150 150 204 191
banana 0.0023 138 93 190 173
banana 0.0019 102 89 158 181
banana 0.0016 135 85 171 141
banana 0.0015 162 63 251 194
banana 0.0015 176 151 233 190
banana 0.0015 151 163 204 207
banana 0.0013 165 137 216 179
banana 0.0011 50 106 132 138
banana 0.0011 151 185 207 230
banana 0.0010 197 126 233 177
