banana 0.9980 2 144 105 254
banana 0.9909 29 85 233 181
banana 0.9890 47 135 227 232
banana 0.9883 0 42 117 158
banana 0.9571 52 32 216 166
banana 0.8750 66 180 168 258
banana 0.0468 10 91 163 168
banana 0.0353 1 140 66 232
banana 0.0346 126 87 236 167
banana 0.0207 5 123 169 246
banana 0.0090 102 27 210 130
banana 0.0081 25 67 201 141
banana 0.0055 116 139 247 224
banana 0.0047 172 98 232 172
banana 0.0045 69 210 117 255
banana 0.0040 4 86 126 222
banana 0.0039 0 114 83 198
banana 0.0036 162 110 243 191
banana 0.0034 0 110 9 234
banana 0.0021 12 139 71 179
banana 0.0016 -1 116 40 227
banana 0.0016 -1 89 86 169
banana 0.0016 0 165 12 253
banana 0.0016 0 157 3 242
banana 0.0013 309 -2 319 149
banana 0.0012 299 11 319 186
banana 0.0010 0 106 20 236
banana 0.0010 -26 56 204 201
