banana 0.9819 5 67 307 188
banana 0.9476 59 0 306 105
banana 0.9140 0 1 71 154
banana 0.7420 19 22 254 128
banana 0.4346 0 21 43 174
banana 0.4242 152 0 315 152
banana 0.2917 6 141 211 261
banana 0.1415 14 98 294 248
banana 0.1221 22 33 148 114
banana 0.0691 6 1 113 123
banana 0.0447 36 20 98 126
banana 0.0350 15 115 253 186
banana 0.0349 167 -3 307 73
banana 0.0232 113 110 258 240
banana 0.0199 60 68 305 141
banana 0.0189 167 130 249 229
banana 0.0117 43 16 92 56
banana 0.0098 28 -3 245 60
banana 0.0081 11 58 105 141
banana 0.0078 32 12 185 94
banana 0.0074 -1 71 41 218
banana 0.0065 -1 80 75 173
banana 0.0062 3 58 123 196
banana 0.0044 0 25 9 173
banana 0.0040 24 -7 288 31
banana 0.0037 61 24 121 120
banana 0.0034 0 -4 20 154
banana 0.0032 17 68 201 136
banana 0.0028 1 0 78 70
banana 0.0026 50 23 107 68
banana 0.0024 236 4 316 147
banana 0.0019 19 90 152 171
banana 0.0016 116 40 304 114
banana 0.0016 165 112 304 237
banana 0.0013 18 65 68 154
banana 0.0012 -1 4 45 99
banana 0.0012 26 88 81 133
banana 0.0011 0 11 2 117
banana 0.0010 93 0 209 22
banana 0.0010 153 115 268 197
