banana 0.9965 114 95 252 163
banana 0.9952 115 171 264 245
banana 0.9858 127 138 277 207
banana 0.9243 118 117 265 183
banana 0.3720 92 141 138 175
banana 0.0493 97 167 135 202
banana 0.0233 93 169 183 249
banana 0.0232 105 150 224 210
banana 0.0202 102 171 133 220
banana 0.0147 101 131 155 164
banana 0.0144 174 122 278 192
banana 0.0129 87 123 185 179
banana 0.0096 100 52 234 166
banana 0.0076 98 172 139 245
banana 0.0069 90 98 192 164
banana 0.0066 85 150 129 188
banana 0.0056 94 139 136 206
banana 0.0055 83 133 133 167
banana 0.0031 91 100 240 202
banana 0.0029 179 97 274 165
banana 0.0028 120 113 185 156
banana 0.0028 95 141 131 160
banana 0.0024 178 162 279 244
banana 0.0020 114 141 168 177
banana 0.0018 132 180 223 211
banana 0.0016 104 183 152 231
banana 0.0016 139 169 321 271
banana 0.0012 101 149 153 190
