banana 0.9861 27 36 190 220
banana 0.9822 143 1 315 72
banana 0.8671 151 49 301 147
banana 0.4250 17 151 171 258
banana 0.2997 41 101 217 241
banana 0.1766 16 21 115 188
banana 0.0217 22 55 105 146
banana 0.0085 120 61 253 138
banana 0.0076 34 28 130 129
banana 0.0064 44 113 181 195
banana 0.0059 124 69 240 234
banana 0.0052 61 47 298 255
banana 0.0050 -32 -7 162 217
banana 0.0048 94 0 286 101
banana 0.0035 43 62 170 144
banana 0.0033 32 88 146 169
banana 0.0032 83 33 235 173
banana 0.0031 0 43 81 212
banana 0.0022 16 110 106 193
banana 0.0015 29 -8 287 170
banana 0.0014 19 15 110 99
banana 0.0010 158 56 223 88
banana 0.0010 5 85 54 230
