banana 0.9943 17 147 214 247
banana 0.9842 1 88 184 201
banana 0.9685 173 109 294 255
banana 0.8807 221 58 282 187
banana 0.8313 217 20 311 145
banana 0.7227 111 53 216 205
banana 0.6020 279 39 320 157
banana 0.5746 188 23 239 130
banana 0.2538 140 25 221 131
banana 0.0900 143 69 273 240
banana 0.0435 158 23 259 137
banana 0.0403 13 47 251 215
banana 0.0323 78 111 236 247
banana 0.0274 307 36 320 160
banana 0.0130 178 42 230 179
banana 0.0122 297 28 320 149
banana 0.0106 133 104 230 195
banana 0.0098 164 78 246 177
banana 0.0081 78 87 193 174
banana 0.0056 305 22 320 100
banana 0.0050 123 46 206 152
banana 0.0049 205 108 252 210
banana 0.0048 214 96 265 193
banana 0.0047 213 49 271 149
banana 0.0045 280 17 320 108
banana 0.0040 175 95 229 222
banana 0.0036 317 39 320 151
banana 0.0036 284 63 320 229
banana 0.0035 122 81 184 189
banana 0.0034 238 42 317 201
banana 0.0033 316 35 320 106
banana 0.0032 213 129 268 238
banana 0.0032 150 132 280 224
banana 0.0029 306 79 319 188
banana 0.0028 149 118 208 224
banana 0.0027 249 56 305 161
banana 0.0024 204 57 248 162
banana 0.0018 213 120 242 173
banana 0.0016 290 61 319 135
banana 0.0014 316 81 320 171
banana 0.0013 226 145 283 246
banana 0.0013 84 63 195 145
banana 0.0013 6 139 172 212
banana 0.0013 185 126 241 239
banana 0.0012 311 124 320 268
banana 0.0011 154 46 207 198
banana 0.0011 108 160 258 246
banana 0.0011 289 33 320 89
