banana 0.9938 26 6 109 147
banana 0.9927 152 7 267 153
banana 0.9924 34 130 170 241
banana 0.9896 97 -4 261 85
banana 0.9721 146 126 239 247
banana 0.9070 36 83 141 212
banana 0.8784 201 45 278 217
banana 0.8439 104 15 231 150
banana 0.0524 233 82 320 217
banana 0.0164 168 75 258 236
banana 0.0099 202 130 317 212
banana 0.0073 77 -8 288 167
banana 0.0055 48 87 114 186
banana 0.0053 210 0 297 164
banana 0.0030 -1 0 31 51
banana 0.0024 89 61 180 152
banana 0.0022 73 141 247 246
banana 0.0018 209 74 296 184
banana 0.0018 75 6 200 88
banana 0.0015 39 35 179 174
banana 0.0013 105 84 215 155
banana 0.0013 123 43 250 210
banana 0.0012 309 88 320 231
banana 0.0012 159 45 220 149
banana 0.0011 213 1 263 42
banana 0.0011 200 29 259 167
banana 0.0010 305 -41 319 38
banana 0.0010 -2 0 86 62
