banana 0.9948 56 5 154 155
banana 0.9905 152 -4 248 175
banana 0.9548 80 17 186 194
banana 0.3539 118 51 191 196
banana 0.0515 111 1 204 169
banana 0.0396 44 36 137 216
banana 0.0093 65 78 164 176
banana 0.0079 87 56 179 154
banana 0.0062 145 -5 275 61
banana 0.0059 31 -11 192 223
banana 0.0047 45 94 96 226
banana 0.0038 131 3 175 68
banana 0.0037 128 0 178 117
banana 0.0031 59 2 159 68
banana 0.0028 101 3 154 44
banana 0.0016 61 27 121 140
banana 0.0015 129 -16 281 214
banana 0.0014 115 7 168 89
banana 0.0011 205 81 251 187
