banana 0.9965 142 12 228 151
banana 0.9759 91 10 186 141
banana 0.3711 97 90 168 166
banana 0.3181 67 21 155 129
banana 0.0360 161 80 246 178
banana 0.0315 117 51 203 149
banana 0.0150 135 3 198 123
banana 0.0135 111 125 167 168
banana 0.0060 91 100 143 147
banana 0.0056 165 20 286 172
banana 0.0052 110 16 173 112
banana 0.0052 101 47 158 148
banana 0.0039 73 48 133 144
banana 0.0036 160 55 219 159
banana 0.0028 104 88 156 134
banana 0.0018 86 66 181 181
banana 0.0018 189 22 247 149
banana 0.0017 78 88 129 137
banana 0.0014 205 18 249 105
banana 0.0011 202 18 228 77
banana 0.0011 69 100 116 140
