banana 0.9921 21 2 196 72
banana 0.9863 145 160 234 254
banana 0.9833 5 65 204 199
banana 0.9232 66 100 201 216
banana 0.8533 136 40 242 208
banana 0.6566 200 96 309 170
banana 0.6291 47 48 226 114
banana 0.6232 198 48 308 113
banana 0.1458 156 42 258 122
banana 0.1191 54 36 266 219
banana 0.0929 176 36 232 181
banana 0.0479 158 79 246 176
banana 0.0412 141 107 231 205
banana 0.0391 155 94 317 203
banana 0.0326 170 44 297 169
banana 0.0260 89 12 226 86
banana 0.0234 150 105 255 259
banana 0.0168 32 52 142 115
banana 0.0077 27 64 192 132
banana 0.0063 149 38 209 158
banana 0.0052 49 68 111 108
banana 0.0050 24 19 285 145
banana 0.0048 26 4 87 40
banana 0.0045 135 141 322 270
banana 0.0041 98 88 226 168
banana 0.0029 30 2 101 26
banana 0.0029 189 49 242 93
banana 0.0027 34 5 125 36
banana 0.0027 19 2 113 63
banana 0.0023 0 35 129 186
banana 0.0021 195 44 257 151
banana 0.0020 174 44 228 81
banana 0.0019 170 62 237 104
banana 0.0018 19 21 163 137
banana 0.0013 130 -8 233 68
banana 0.0012 308 110 319 233
banana 0.0010 147 23 270 95
