banana 0.9993 185 94 320 216
banana 0.9981 166 10 290 92
banana 0.9922 169 50 304 148
banana 0.1410 282 59 320 163
banana 0.0301 157 36 278 110
banana 0.0241 237 59 319 201
banana 0.0190 305 72 319 175
banana 0.0157 265 33 320 138
banana 0.0144 298 70 320 202
banana 0.0089 198 -1 308 72
banana 0.0073 238 7 320 150
banana 0.0051 306 38 319 135
banana 0.0043 278 18 319 106
banana 0.0036 316 69 320 157
banana 0.0026 310 86 319 233
banana 0.0025 289 67 320 130
banana 0.0023 297 22 320 150
banana 0.0013 281 85 321 231
banana 0.0011 138 58 295 193
banana 0.0010 315 50 320 115
banana 0.0010 278 63 319 110
