banana 0.9984 11 123 217 244
banana 0.9490 90 18 182 145
banana 0.9358 223 29 300 178
banana 0.9023 193 28 269 171
banana 0.8582 0 79 163 194
banana 0.8370 138 32 222 181
banana 0.5301 102 112 269 240
banana 0.5164 137 21 198 131
banana 0.4341 80 54 191 196
banana 0.1126 159 50 262 199
banana 0.0744 113 55 170 187
banana 0.0364 188 53 244 164
banana 0.0329 83 81 145 184
banana 0.0242 121 48 202 156
banana 0.0217 180 109 278 244
banana 0.0117 191 113 240 158
banana 0.0087 75 58 158 153
banana 0.0086 0 35 224 222
banana 0.0069 198 91 254 176
banana 0.0040 238 22 297 128
banana 0.0037 105 20 171 109
banana 0.0032 214 147 267 243
banana 0.0029 86 115 233 190
banana 0.0021 213 20 311 94
banana 0.0019 69 136 245 218
banana 0.0018 178 81 233 185
banana 0.0018 215 60 295 237
banana 0.0015 29 193 200 253
banana 0.0015 223 94 283 194
banana 0.0012 191 106 242 211
banana 0.0011 78 28 285 224
banana 0.0010 77 103 134 213
