banana 0.9953 26 147 228 247
banana 0.9848 24 97 244 210
banana 0.9802 86 2 191 119
banana 0.9630 131 5 228 84
banana 0.7316 145 -2 278 63
banana 0.3962 134 47 239 206
banana 0.3838 3 77 182 191
banana 0.2288 143 1 212 41
banana 0.0825 51 37 221 178
banana 0.0709 160 49 246 147
banana 0.0345 142 38 226 124
banana 0.0177 124 3 185 94
banana 0.0148 157 0 249 24
banana 0.0145 104 55 219 144
banana 0.0104 156 -12 307 40
banana 0.0090 126 1 183 44
banana 0.0076 84 135 229 219
banana 0.0075 162 10 300 87
banana 0.0064 164 3 238 38
banana 0.0041 148 51 205 95
banana 0.0041 130 12 201 55
banana 0.0036 185 -9 321 69
banana 0.0027 82 87 234 169
banana 0.0024 23 71 199 143
banana 0.0020 137 63 196 107
banana 0.0019 144 41 211 78
banana 0.0018 -11 96 200 261
banana 0.0017 174 52 228 92
banana 0.0016 110 -5 221 35
banana 0.0016 120 91 186 127
banana 0.0016 183 42 245 79
banana 0.0015 105 153 176 188
banana 0.0015 27 192 203 255
banana 0.0012 138 30 219 69
banana 0.0011 149 60 207 136
banana 0.0011 152 13 226 57
banana 0.0010 174 64 232 202
banana 0.0010 162 59 218 107
banana 0.0010 150 0 200 16
