banana 0.9949 145 7 218 144
banana 0.9949 204 5 311 118
banana 0.9046 168 1 245 143
banana 0.8820 208 49 320 157
banana 0.3145 182 1 278 70
banana 0.0479 197 -1 260 122
banana 0.0158 174 2 230 100
banana 0.0079 186 1 247 50
banana 0.0065 0 35 10 162
banana 0.0061 175 35 228 156
banana 0.0054 260 14 320 131
banana 0.0045 0 6 10 116
banana 0.0043 211 27 268 142
banana 0.0040 300 55 320 214
banana 0.0040 245 0 306 43
banana 0.0030 235 2 315 66
banana 0.0030 310 56 320 213
banana 0.0030 308 7 319 115
banana 0.0022 282 61 322 208
banana 0.0019 0 26 20 173
banana 0.0017 0 80 9 215
banana 0.0016 303 2 321 72
banana 0.0015 161 -12 267 92
banana 0.0015 130 47 208 153
banana 0.0014 0 32 3 95
banana 0.0013 144 28 277 158
banana 0.0011 289 8 319 65
banana 0.0011 245 61 319 231
banana 0.0010 0 0 32 148
banana 0.0010 316 34 320 131
