banana 0.9974 17 115 194 252
banana 0.9918 219 18 300 194
banana 0.9879 13 53 143 169
banana 0.9603 0 50 122 111
banana 0.8862 7 27 127 78
banana 0.7949 178 55 253 252
banana 0.1302 16 14 150 66
banana 0.1042 116 59 162 136
banana 0.0994 0 68 87 139
banana 0.0914 218 3 268 168
banana 0.0486 197 49 257 172
banana 0.0196 104 25 150 71
banana 0.0129 96 55 174 148
banana 0.0125 232 60 316 227
banana 0.0107 199 119 255 251
banana 0.0095 0 69 13 152
banana 0.0080 13 111 159 186
banana 0.0061 83 17 177 85
banana 0.0056 265 23 317 171
banana 0.0052 107 31 150 114
banana 0.0051 113 34 144 85
banana 0.0049 88 18 143 59
banana 0.0044 2 8 132 105
banana 0.0039 95 23 143 96
banana 0.0039 1 74 57 114
banana 0.0029 52 39 166 118
banana 0.0028 0 60 40 138
banana 0.0026 3 80 131 211
banana 0.0024 72 24 136 68
banana 0.0021 77 51 190 192
banana 0.0020 37 82 174 175
banana 0.0017 7 -17 156 80
banana 0.0016 176 6 337 243
banana 0.0016 88 58 144 160
banana 0.0016 114 56 144 116
banana 0.0014 189 98 267 204
banana 0.0013 128 22 250 239
banana 0.0013 16 55 113 87
banana 0.0012 48 20 136 53
banana 0.0011 299 15 321 180
banana 0.0011 0 62 3 140
banana 0.0010 213 131 308 210
