banana 0.9951 99 126 265 244
banana 0.9935 8 54 124 254
banana 0.9833 36 29 180 162
banana 0.9335 94 50 279 150
banana 0.7969 157 101 317 159
banana 0.5063 154 125 323 187
banana 0.4019 122 104 293 213
banana 0.1872 196 143 317 205
banana 0.1096 8 23 262 176
banana 0.0991 202 168 318 226
banana 0.0551 172 68 297 133
banana 0.0312 105 90 269 160
banana 0.0290 150 147 315 245
banana 0.0209 183 78 317 182
banana 0.0059 74 43 292 216
banana 0.0058 66 54 203 144
banana 0.0036 236 96 317 161
banana 0.0027 4 57 132 148
banana 0.0026 237 121 316 192
banana 0.0023 84 47 148 148
banana 0.0021 111 189 262 254
banana 0.0017 237 64 314 143
banana 0.0014 0 38 36 205
banana 0.0013 56 68 215 239
banana 0.0013 109 36 174 138
banana 0.0011 220 177 314 213
banana 0.0010 0 42 7 204
banana 0.0010 33 17 188 94
