banana 0.9956 8 26 221 143
banana 0.9823 203 86 316 224
banana 0.8552 78 28 284 140
banana 0.8399 177 41 288 231
banana 0.1805 -1 141 71 204
banana 0.0507 160 24 303 130
banana 0.0441 117 34 260 227
banana 0.0398 102 108 180 201
banana 0.0389 2 40 133 163
banana 0.0379 24 119 137 180
banana 0.0249 181 106 249 215
banana 0.0236 84 86 194 220
banana 0.0136 5 95 122 163
banana 0.0093 44 127 117 164
banana 0.0088 24 56 199 194
banana 0.0083 201 42 308 114
banana 0.0079 0 124 9 245
banana 0.0062 201 69 307 134
banana 0.0046 178 39 228 178
banana 0.0046 -2 153 77 237
banana 0.0041 0 133 36 236
banana 0.0027 49 21 213 94
banana 0.0024 9 96 155 207
banana 0.0020 0 133 3 228
banana 0.0016 0 118 117 228
banana 0.0015 0 122 20 248
banana 0.0012 21 142 87 176
banana 0.0012 0 60 83 153
banana 0.0012 188 167 280 244
banana 0.0012 57 117 123 156
banana 0.0011 13 162 65 202
banana 0.0010 19 129 89 163
banana 0.0010 212 79 293 114
banana 0.0010 234 86 316 177
banana 0.0010 37 88 186 166
