banana 0.9924 136 68 244 247
banana 0.8764 65 75 244 180
banana 0.8197 45 66 219 127
banana 0.5543 58 101 224 162
banana 0.1001 163 58 255 146
banana 0.0883 110 48 260 164
banana 0.0357 203 52 230 94
banana 0.0326 61 53 259 254
banana 0.0146 193 60 242 137
banana 0.0072 203 62 247 105
banana 0.0070 177 52 227 92
banana 0.0057 127 45 242 117
banana 0.0052 205 62 219 91
banana 0.0032 202 73 247 124
banana 0.0026 143 107 236 201
banana 0.0022 200 57 225 84
banana 0.0019 195 47 237 82
banana 0.0018 167 42 220 202
banana 0.0014 191 58 220 110
banana 0.0013 210 62 224 90
banana 0.0013 165 58 216 107
banana 0.0013 200 68 223 95
banana 0.0012 186 41 275 116
banana 0.0011 36 19 277 151
banana 0.0011 200 73 251 170
banana 0.0011 151 55 210 164
