banana 0.9949 74 38 251 223
banana 0.9890 141 91 274 256
banana 0.6684 95 98 234 255
banana 0.6445 60 28 270 135
banana 0.0602 59 70 174 237
banana 0.0405 137 154 233 256
banana 0.0134 110 136 213 225
banana 0.0130 173 41 285 224
banana 0.0080 81 155 195 257
banana 0.0080 99 191 228 257
banana 0.0077 0 70 12 177
banana 0.0071 3 2 119 118
banana 0.0059 21 9 208 247
banana 0.0045 156 132 261 226
banana 0.0035 0 78 34 193
banana 0.0034 197 96 305 251
banana 0.0034 0 98 10 222
banana 0.0034 0 -4 19 175
banana 0.0031 186 146 274 256
banana 0.0025 0 4 8 169
banana 0.0022 -1 7 73 195
banana 0.0020 143 189 275 257
banana 0.0019 0 105 4 170
banana 0.0016 0 89 20 231
banana 0.0015 46 40 175 118
banana 0.0015 10 3 114 62
banana 0.0015 67 133 161 231
banana 0.0013 -1 -11 38 159
banana 0.0012 39 33 188 173
banana 0.0011 85 105 186 200
