banana 0.9984 97 87 226 208
banana 0.9977 146 37 260 175
banana 0.9019 137 157 243 239
banana 0.3509 126 81 239 171
banana 0.0836 181 49 276 199
banana 0.0265 147 85 266 211
banana 0.0104 215 136 264 181
banana 0.0093 146 44 210 151
banana 0.0064 191 107 267 195
banana 0.0040 203 128 255 213
banana 0.0034 198 71 258 176
banana 0.0027 202 148 255 191
banana 0.0022 186 137 241 181
banana 0.0020 169 55 235 162
banana 0.0015 202 125 254 172
banana 0.0013 215 161 262 205
banana 0.0011 224 145 257 197
