banana 0.9898 0 12 65 161
banana 0.9591 22 130 181 232
banana 0.8479 36 26 184 98
banana 0.8421 172 57 297 209
banana 0.7909 117 75 192 242
banana 0.5683 133 25 233 189
banana 0.1115 66 63 196 205
banana 0.1029 72 86 160 172
banana 0.0958 242 65 311 245
banana 0.0748 137 16 198 133
banana 0.0492 142 100 235 243
banana 0.0190 224 155 305 253
banana 0.0159 100 17 223 98
banana 0.0137 156 75 260 172
banana 0.0125 0 21 8 175
banana 0.0116 0 35 20 209
banana 0.0080 0 0 9 121
banana 0.0074 0 17 37 224
banana 0.0063 0 0 13 73
banana 0.0050 135 31 326 234
banana 0.0041 298 90 320 228
banana 0.0041 97 94 177 214
banana 0.0039 0 3 4 75
banana 0.0028 306 83 319 212
banana 0.0028 168 134 231 233
banana 0.0027 157 18 256 91
banana 0.0026 219 98 306 206
banana 0.0023 -4 23 114 171
banana 0.0021 118 83 203 173
banana 0.0019 0 70 9 223
banana 0.0019 0 2 2 113
banana 0.0018 13 -3 251 124
banana 0.0018 1 76 55 215
banana 0.0018 147 13 269 151
banana 0.0015 285 73 320 201
banana 0.0015 173 45 295 111
banana 0.0015 67 16 257 240
banana 0.0013 2 142 129 219
banana 0.0012 0 1 20 125
banana 0.0011 78 7 238 60
banana 0.0011 7 19 114 100
banana 0.0010 0 10 40 115
banana 0.0010 307 12 319 111
