banana 0.9959 74 73 238 242
banana 0.8681 56 14 262 138
banana 0.722 112 65 252 193
banana 0.1500 156 22 264 141
banana 0.1126 125 -1 240 48
banana 0.0979 165 137 246 219
banana 0.0680 115 39 256 119
banana 0.0583 37 2 199 107
banana 0.0500 137 0 241 23
banana 0.0479 159 82 256 174
banana 0.0414 217 89 261 131
banana 0.0366 191 58 265 141
banana 0.0357 195 32 259 119
banana 0.0153 216 93 261 175
banana 0.0118 84 89 237 169
banana 0.0107 192 112 261 185
banana 0.0055 45 48 186 209
banana 0.0052 65 -10 249 87
banana 0.0032 226 120 258 176
banana 0.0031 227 96 257 148
banana 0.0030 199 99 256 143
banana 0.0029 97 129 217 223
banana 0.0021 201 135 254 181
banana 0.0019 137 152 234 247
banana 0.0019 139 14 221 52
banana 0.0018 201 75 256 121
banana 0.0017 136 -10 268 34
banana 0.0015 54 58 217 141
banana 0.0013 94 1 216 22
banana 0.0013 228 73 268 146
banana 0.0011 38 9 140 92
