banana 0.9846 75 57 242 251
banana 0.8389 147 60 271 246
banana 0.6524 198 46 259 152
banana 0.6327 53 76 160 227
banana 0.5400 90 40 169 106
banana 0.2957 191 54 278 205
banana 0.0895 144 38 223 114
banana 0.0599 213 89 286 177
banana 0.0378 76 41 244 164
banana 0.0336 89 136 280 255
banana 0.0238 166 42 256 121
banana 0.0065 174 46 235 171
banana 0.0055 106 218 176 253
banana 0.0053 106 89 262 163
banana 0.0035 63 81 125 207
banana 0.0034 100 32 218 93
banana 0.0033 66 42 165 170
banana 0.0031 69 87 203 166
banana 0.0026 160 107 264 192
banana 0.0020 81 133 200 223
banana 0.0018 188 156 276 256
banana 0.0017 224 112 279 227
banana 0.0017 189 42 239 111
banana 0.0015 161 38 214 83
banana 0.0012 69 200 208 257
banana 0.0011 51 130 135 220
banana 0.0011 101 230 205 255
banana 0.0010 111 43 164 83
banana 0.0010 187 44 240 78
