kiwi 0.9993 167 115 243 197
kiwi 0.9992 80 143 160 230
kiwi 0.9987 -3 104 75 187
kiwi 0.9983 239 11 311 90
kiwi 0.9979 226 80 312 155
kiwi 0.9974 59 21 133 101
kiwi 0.0589 0 94 5 143
kiwi 0.0349 115 -6 206 60
kiwi 0.0113 0 58 4 117
kiwi 0.0079 0 82 8 165
kiwi 0.0070 0 35 7 138
kiwi 0.0051 0 79 4 134
kiwi 0.0048 309 69 320 154
kiwi 0.0042 3 120 62 173
kiwi 0.0040 0 108 4 165
kiwi 0.0033 124 3 179 44
kiwi 0.0030 0 128 3 183
kiwi 0.0020 0 39 3 100
kiwi 0.0019 117 5 168 70
kiwi 0.0014 111 0 193 28
kiwi 0.0014 64 -6 152 63
kiwi 0.0013 89 158 151 211
kiwi 0.0013 0 99 2 140
kiwi 0.0012 315 72 320 141
