kiwi 0.9994 199 34 280 104
kiwi 0.9991 77 39 162 104
kiwi 0.9991 10 140 102 217
kiwi 0.9989 223 148 313 228
kiwi 0.9989 12 36 95 107
kiwi 0.9989 154 133 237 218
kiwi 0.0209 0 42 9 128
kiwi 0.0144 315 47 320 105
kiwi 0.0086 6 -4 73 31
kiwi 0.0033 0 56 4 120
kiwi 0.0031 170 145 232 199
kiwi 0.0025 0 152 10 242
kiwi 0.0016 315 154 320 219
kiwi 0.0016 312 20 319 125
kiwi 0.0015 0 148 4 212
kiwi 0.0015 316 186 320 249
kiwi 0.0013 311 149 319 245
kiwi 0.0013 316 69 320 131
kiwi 0.0011 -1 -7 84 50
kiwi 0.0010 60 29 173 131
