kiwi 0.9993 154 46 225 126
kiwi 0.9989 71 92 157 159
kiwi 0.9988 -3 103 73 186
kiwi 0.9983 97 34 171 104
kiwi 0.9980 71 145 149 230
kiwi 0.9971 239 155 321 246
kiwi 0.0510 0 103 6 146
kiwi 0.0147 0 87 4 138
kiwi 0.0078 0 110 4 163
kiwi 0.0072 3 119 62 173
kiwi 0.0063 0 85 8 164
kiwi 0.0054 315 153 320 208
kiwi 0.0044 0 129 4 182
kiwi 0.0033 59 74 166 188
kiwi 0.0031 316 165 320 233
kiwi 0.0022 311 161 320 256
kiwi 0.0016 275 166 320 248
kiwi 0.0016 0 103 10 189
kiwi 0.0014 255 170 318 222
kiwi 0.0014 0 100 2 138
kiwi 0.0012 85 22 180 136
