banana 0.0055 313 213 320 257
banana 0.0015 306 200 319 266
banana 0.0012 54 2 127 38
kiwi 0.9991 145 57 214 138
kiwi 0.9987 112 176 199 248
kiwi 0.9986 239 138 322 211
kiwi 0.9986 215 82 296 153
kiwi 0.9969 90 47 162 126
kiwi 0.1268 309 165 319 252
kiwi 0.1241 309 99 320 173
kiwi 0.0235 89 174 224 269
kiwi 0.0127 314 191 320 256
kiwi 0.0095 315 166 320 232
kiwi 0.0055 277 139 320 210
kiwi 0.0050 315 136 320 200
kiwi 0.0048 314 101 320 161
kiwi 0.0041 310 118 320 201
kiwi 0.0041 315 86 320 139
kiwi 0.0038 315 120 320 179
kiwi 0.0021 299 157 321 257
kiwi 0.0010 310 66 319 157
