banana 0.0013 55 1 128 38
kiwi 0.9988 113 177 199 247
kiwi 0.9982 152 75 231 144
kiwi 0.9974 218 81 300 155
kiwi 0.9969 235 151 318 226
kiwi 0.9941 198 124 257 188
kiwi 0.4542 306 94 320 175
kiwi 0.0473 308 169 319 252
kiwi 0.0094 90 174 224 267
kiwi 0.0092 315 148 320 213
kiwi 0.0062 278 157 320 239
kiwi 0.0037 299 84 321 187
kiwi 0.0032 309 67 319 157
kiwi 0.0023 315 169 320 242
kiwi 0.0022 313 96 319 154
kiwi 0.0016 298 164 321 252
kiwi 0.0014 310 113 320 203
kiwi 0.0013 315 84 320 141
kiwi 0.0013 311 139 320 232
