kiwi 0.9991 202 118 278 205
kiwi 0.9987 -3 103 75 186
kiwi 0.9985 117 45 190 125
kiwi 0.9985 75 150 165 227
kiwi 0.9968 138 121 221 195
kiwi 0.9966 241 158 320 245
kiwi 0.0551 0 102 6 147
kiwi 0.0053 0 88 4 138
kiwi 0.0050 0 85 8 164
kiwi 0.0048 3 120 62 173
kiwi 0.0037 316 154 320 219
kiwi 0.0036 0 113 3 173
kiwi 0.0025 311 160 320 257
kiwi 0.0019 316 176 320 246
kiwi 0.0018 211 133 271 186
kiwi 0.0018 0 134 4 189
kiwi 0.0018 255 170 318 222
kiwi 0.0016 316 126 320 185
kiwi 0.0012 0 100 2 138
kiwi 0.0011 312 130 320 216
