pitaya 0.9852 0 41 118 254
pitaya 0.9847 101 11 312 196
pitaya 0.9766 25 107 293 263
pitaya 0.0501 9 31 202 272
pitaya 0.0123 299 20 320 203
pitaya 0.0078 0 14 84 205
pitaya 0.0049 0 139 170 260
pitaya 0.0042 0 17 35 229
pitaya 0.0041 0 40 19 229
pitaya 0.0037 19 -5 295 120
pitaya 0.0027 0 36 8 212
pitaya 0.0026 309 27 320 194
pitaya 0.0022 244 6 316 244
pitaya 0.0020 282 -12 320 185
pitaya 0.0012 277 -46 320 94
pitaya 0.0012 0 133 9 261
pitaya 0.0012 74 12 253 152
pitaya 0.0012 316 -22 320 50
pitaya 0.0010 32 -3 282 50
