pitaya 0.9834 113 94 299 227
pitaya 0.9381 152 16 313 129
pitaya 0.7870 111 5 257 117
pitaya 0.0414 201 51 319 257
pitaya 0.0197 36 -2 331 120
pitaya 0.0136 122 -3 299 56
pitaya 0.0045 93 2 212 24
pitaya 0.0045 67 8 216 134
pitaya 0.0041 203 -10 318 63
pitaya 0.0031 150 -19 313 83
pitaya 0.0028 236 16 318 187
pitaya 0.0028 108 16 306 191
pitaya 0.0023 233 15 319 96
pitaya 0.0019 298 33 321 189
pitaya 0.0018 39 35 281 231
pitaya 0.0011 258 36 319 135
pitaya 0.0011 316 42 320 123
pitaya 0.0010 281 44 320 229
