apple 0.9998 86 43 227 172
apple 0.9997 103 150 239 273
apple 0.9995 173 86 336 208
apple 0.9993 308 138 438 250
apple 0.9992 213 197 345 313
apple 0.9992 -4 153 127 285
apple 0.9990 217 -1 344 101
apple 0.9987 0 -1 137 101
apple 0.9985 0 73 102 190
apple 0.9981 318 -2 467 110
apple 0.0467 0 -1 13 122
apple 0.0181 0 138 12 278
apple 0.0115 0 35 15 157
apple 0.0101 0 149 5 256
apple 0.0050 0 -5 6 97
apple 0.0035 0 87 14 216
apple 0.0018 0 120 6 210
apple 0.0014 0 40 7 124
apple 0.0010 3 0 92 75
apple 0.0010 0 183 4 295
