apple 0.9997 87 41 230 172
apple 0.9997 103 145 241 267
apple 0.9996 -2 146 130 277
apple 0.9995 213 193 351 306
apple 0.9995 311 131 440 244
apple 0.9994 219 -3 346 99
apple 0.9994 174 83 336 207
apple 0.9988 -4 69 108 182
apple 0.9987 0 -1 138 100
apple 0.9986 319 -2 469 107
apple 0.0164 0 78 60 185
apple 0.0145 0 0 13 121
apple 0.0121 0 137 12 279
apple 0.0097 -4 33 127 136
apple 0.0083 0 96 15 205
apple 0.0067 0 154 5 269
apple 0.0044 0 39 16 154
apple 0.0039 0 125 6 205
apple 0.0025 0 -6 6 80
apple 0.0024 0 30 7 116
banana 0.0110 442 260 478 329
banana 0.0012 223 79 317 214
